period,clock,clock_display,game_clock,minutes_left_in_game,actionNumber,actionType,description,qualifier,playerName,scoreHome,scoreAway,shotResult,isFieldGoal,assisted,person_id,assister_id,previous_action,next_action,foulDrawnPersonId,stealPersonId,blockPersonId,players_on,off_players_on,def_players_on,xLegacy,yLegacy,teamId,game_id,poc_ok
1,PT12M00.00S,12:00,Q1 12:00,48.0,2,period,Start of 1st Period (10:11 PM EST),[],,0,0,,False,False,0.0,,,turnover,,,,1626161|1627741|1627854|1628368|1628401|200746|201942|201967|202357|202697,1626161|1627741|1628368|202357|202697,1627854|1628401|200746|201942|201967,,,1610612758.0,21800197,True
1,PT11M39.00S,11:39,Q1 11:39,47.65,7,turnover,Hield Bad Pass Turnover (P1.T1),[],Hield,0,0,,False,False,1627741.0,,period,steal,,,,1626161|1627741|1627854|1628368|1628401|200746|201942|201967|202357|202697,1626161|1627741|1628368|202357|202697,1627854|1628401|200746|201942|201967,,,1610612758.0,21800197,True
1,PT11M39.00S,11:39,Q1 11:39,47.65,7,steal,White STEAL (1 STL),[],White,0,0,,False,False,1628401.0,,turnover,2pt missed,,1628401.0,,1626161|1627741|1627854|1628368|1628401|200746|201942|201967|202357|202697,1627854|1628401|200746|201942|201967,1626161|1627741|1628368|202357|202697,,,1610612759.0,21800197,True
1,PT11M23.00S,11:23,Q1 11:23,47.38333333333333,9,2pt,MISS Forbes 13' Floating Jump Shot,[],Forbes,0,0,Missed,True,False,1627854.0,,steal,rebound,,,,1626161|1627741|1627854|1628368|1628401|200746|201942|201967|202357|202697,1627854|1628401|200746|201942|201967,1626161|1627741|1628368|202357|202697,-129.0,10.0,1610612759.0,21800197,True
1,PT11M20.00S,11:20,Q1 11:20,47.333333333333336,10,rebound,Cauley-Stein REBOUND (Off:0 Def:1),[],Cauley-Stein,0,0,,False,False,1626161.0,,2pt missed,turnover,,,,1626161|1627741|1627854|1628368|1628401|200746|201942|201967|202357|202697,1626161|1627741|1628368|202357|202697,1627854|1628401|200746|201942|201967,,,1610612758.0,21800197,True
1,PT11M13.00S,11:13,Q1 11:13,47.21666666666667,12,turnover,Fox Backcourt Turnover (P1.T2),[],Fox,0,0,,False,False,1628368.0,,rebound,2pt made,,,,1626161|1627741|1627854|1628368|1628401|200746|201942|201967|202357|202697,1626161|1627741|1628368|202357|202697,1627854|1628401|200746|201942|201967,,,1610612758.0,21800197,True
1,PT10M56.00S,10:56,Q1 10:56,46.93333333333334,13,2pt,White 7' Pullup Jump Shot (2 PTS) (Forbes 1 AST),['pointsinthepaint'],White,0,2,Made,True,True,1628401.0,1627854.0,turnover,2pt missed,,,,1626161|1627741|1627854|1628368|1628401|200746|201942|201967|202357|202697,1627854|1628401|200746|201942|201967,1626161|1627741|1628368|202357|202697,19.0,67.0,1610612759.0,21800197,True
1,PT10M42.00S,10:42,Q1 10:42,46.7,15,2pt,MISS Hield 17' Jump Shot,[],Hield,0,2,Missed,True,False,1627741.0,,2pt made,rebound,,,,1626161|1627741|1627854|1628368|1628401|200746|201942|201967|202357|202697,1626161|1627741|1628368|202357|202697,1627854|1628401|200746|201942|201967,-92.0,143.0,1610612758.0,21800197,True
1,PT10M40.00S,10:40,Q1 10:40,46.666666666666664,16,rebound,Aldridge REBOUND (Off:0 Def:1),[],Aldridge,0,2,,False,False,200746.0,,2pt missed,2pt missed,,,,1626161|1627741|1627854|1628368|1628401|200746|201942|201967|202357|202697,1627854|1628401|200746|201942|201967,1626161|1627741|1628368|202357|202697,,,1610612759.0,21800197,True
1,PT10M25.00S,10:25,Q1 10:25,46.416666666666664,17,2pt,MISS Aldridge 14' Jump Shot,[],Aldridge,0,2,Missed,True,False,200746.0,,rebound,rebound,,,,1626161|1627741|1627854|1628368|1628401|200746|201942|201967|202357|202697,1627854|1628401|200746|201942|201967,1626161|1627741|1628368|202357|202697,133.0,38.0,1610612759.0,21800197,True
1,PT10M22.00S,10:22,Q1 10:22,46.36666666666667,18,rebound,Shumpert REBOUND (Off:0 Def:1),[],Shumpert,0,2,,False,False,202697.0,,2pt missed,2pt made,,,,1626161|1627741|1627854|1628368|1628401|200746|201942|201967|202357|202697,1626161|1627741|1628368|202357|202697,1627854|1628401|200746|201942|201967,,,1610612758.0,21800197,True
1,PT10M14.00S,10:14,Q1 10:14,46.233333333333334,19,2pt,Fox 12' Jump Shot (2 PTS),['pointsinthepaint'],Fox,2,2,Made,True,False,1628368.0,,rebound,3pt missed,,,,1626161|1627741|1627854|1628368|1628401|200746|201942|201967|202357|202697,1626161|1627741|1628368|202357|202697,1627854|1628401|200746|201942|201967,-32.0,118.0,1610612758.0,21800197,True
1,PT09M53.00S,09:53,Q1 09:53,45.88333333333333,20,3pt,MISS White 25' 3PT Jump Shot,[],White,2,2,Missed,True,False,1628401.0,,2pt made,rebound,,,,1626161|1627741|1627854|1628368|1628401|200746|201942|201967|202357|202697,1627854|1628401|200746|201942|201967,1626161|1627741|1628368|202357|202697,-182.0,171.0,1610612759.0,21800197,True
1,PT09M50.00S,09:50,Q1 09:50,45.833333333333336,21,rebound,Cunningham REBOUND (Off:1 Def:0),[],Cunningham,2,2,,False,False,201967.0,,3pt missed,2pt missed,,,,1626161|1627741|1627854|1628368|1628401|200746|201942|201967|202357|202697,1627854|1628401|200746|201942|201967,1626161|1627741|1628368|202357|202697,,,1610612759.0,21800197,True
1,PT09M41.00S,09:41,Q1 09:41,45.68333333333334,22,2pt,MISS Aldridge 5' Driving Floating Bank Jump Shot,['pointsinthepaint'],Aldridge,2,2,Missed,True,False,200746.0,,rebound,rebound,,,,1626161|1627741|1627854|1628368|1628401|200746|201942|201967|202357|202697,1627854|1628401|200746|201942|201967,1626161|1627741|1628368|202357|202697,-43.0,15.0,1610612759.0,21800197,True
1,PT09M39.00S,09:39,Q1 09:39,45.65,23,rebound,Bjelica REBOUND (Off:0 Def:1),[],Bjelica,2,2,,False,False,202357.0,,2pt missed,2pt missed,,,,1626161|1627741|1627854|1628368|1628401|200746|201942|201967|202357|202697,1626161|1627741|1628368|202357|202697,1627854|1628401|200746|201942|201967,,,1610612758.0,21800197,True
1,PT09M33.00S,09:33,Q1 09:33,45.55,52,2pt,MISS Cauley-Stein 3' Layup,['pointsinthepaint'],Cauley-Stein,2,2,Missed,True,False,1626161.0,,rebound,block,,,,1626161|1627741|1627854|1628368|1628401|200746|201942|201967|202357|202697,1626161|1627741|1628368|202357|202697,1627854|1628401|200746|201942|201967,22.0,25.0,1610612758.0,21800197,True
1,PT09M33.00S,09:33,Q1 09:33,45.55,52,block,Aldridge BLOCK (1 BLK),[],Aldridge,2,2,,False,False,200746.0,,2pt missed,rebound,,,200746.0,1626161|1627741|1627854|1628368|1628401|200746|201942|201967|202357|202697,1627854|1628401|200746|201942|201967,1626161|1627741|1628368|202357|202697,,,1610612759.0,21800197,True
1,PT09M32.00S,09:32,Q1 09:32,45.53333333333333,54,rebound,Hield REBOUND (Off:1 Def:0),[],Hield,2,2,,False,False,1627741.0,,block,2pt made,,,,1626161|1627741|1627854|1628368|1628401|200746|201942|201967|202357|202697,1626161|1627741|1628368|202357|202697,1627854|1628401|200746|201942|201967,,,1610612758.0,21800197,True
1,PT09M28.00S,09:28,Q1 09:28,45.46666666666667,24,2pt,Hield 10' Step Back Jump Shot (2 PTS),['pointsinthepaint'],Hield,4,2,Made,True,False,1627741.0,,rebound,turnover,,,,1626161|1627741|1627854|1628368|1628401|200746|201942|201967|202357|202697,1626161|1627741|1628368|202357|202697,1627854|1628401|200746|201942|201967,0.0,102.0,1610612758.0,21800197,True
1,PT09M08.00S,09:08,Q1 09:08,45.13333333333333,25,turnover,Aldridge Lost Ball Turnover (P1.T1),[],Aldridge,4,2,,False,False,200746.0,,2pt made,steal,,,,1626161|1627741|1627854|1628368|1628401|200746|201942|201967|202357|202697,1627854|1628401|200746|201942|201967,1626161|1627741|1628368|202357|202697,,,1610612759.0,21800197,True
1,PT09M08.00S,09:08,Q1 09:08,45.13333333333333,25,steal,Hield STEAL (1 STL),[],Hield,4,2,,False,False,1627741.0,,turnover,3pt made,,1627741.0,,1626161|1627741|1627854|1628368|1628401|200746|201942|201967|202357|202697,1626161|1627741|1628368|202357|202697,1627854|1628401|200746|201942|201967,,,1610612758.0,21800197,True
1,PT09M03.00S,09:03,Q1 09:03,45.05,27,3pt,Fox 25' 3PT Jump Shot (5 PTS) (Hield 1 AST),[],Fox,7,2,Made,True,True,1628368.0,1627741.0,steal,2pt missed,,,,1626161|1627741|1627854|1628368|1628401|200746|201942|201967|202357|202697,1626161|1627741|1628368|202357|202697,1627854|1628401|200746|201942|201967,-190.0,162.0,1610612758.0,21800197,True
1,PT08M41.00S,08:41,Q1 08:41,44.68333333333334,29,2pt,MISS DeRozan 19' Jump Shot,[],DeRozan,7,2,Missed,True,False,201942.0,,3pt made,rebound,,,,1626161|1627741|1627854|1628368|1628401|200746|201942|201967|202357|202697,1627854|1628401|200746|201942|201967,1626161|1627741|1628368|202357|202697,-20.0,189.0,1610612759.0,21800197,True
1,PT08M41.00S,08:41,Q1 08:41,44.68333333333334,30,rebound,TEAM offensive REBOUND,['team'],,7,2,,False,False,0.0,,2pt missed,foul,,,,1626161|1627741|1627854|1628368|1628401|200746|201942|201967|202357|202697,1627854|1628401|200746|201942|201967,1626161|1627741|1628368|202357|202697,,,1610612759.0,21800197,True
1,PT08M41.00S,08:41,Q1 08:41,44.68333333333334,31,foul,Shumpert L.B.FOUL (P1.T1) (C.Washington),[],Shumpert,7,2,,False,False,202697.0,,rebound,2pt made,1628401.0,,,1626161|1627741|1627854|1628368|1628401|200746|201942|201967|202357|202697,1626161|1627741|1628368|202357|202697,1627854|1628401|200746|201942|201967,,,1610612758.0,21800197,True
1,PT08M28.00S,08:28,Q1 08:28,44.46666666666667,33,2pt,White 2' Driving Layup (4 PTS) (DeRozan 1 AST),['pointsinthepaint'],White,7,4,Made,True,True,1628401.0,201942.0,foul,2pt made,,,,1626161|1627741|1627854|1628368|1628401|200746|201942|201967|202357|202697,1627854|1628401|200746|201942|201967,1626161|1627741|1628368|202357|202697,-14.0,16.0,1610612759.0,21800197,True
1,PT08M15.00S,08:15,Q1 08:15,44.25,35,2pt,Cauley-Stein 1' Layup (2 PTS) (Hield 2 AST),['pointsinthepaint'],Cauley-Stein,9,4,Made,True,True,1626161.0,1627741.0,2pt made,2pt missed,,,,1626161|1627741|1627854|1628368|1628401|200746|201942|201967|202357|202697,1626161|1627741|1628368|202357|202697,1627854|1628401|200746|201942|201967,-3.0,13.0,1610612758.0,21800197,True
1,PT07M52.00S,07:52,Q1 07:52,43.86666666666667,37,2pt,MISS Forbes 18' Jump Shot,[],Forbes,9,4,Missed,True,False,1627854.0,,2pt made,rebound,,,,1626161|1627741|1627854|1628368|1628401|200746|201942|201967|202357|202697,1627854|1628401|200746|201942|201967,1626161|1627741|1628368|202357|202697,46.0,174.0,1610612759.0,21800197,True
1,PT07M48.00S,07:48,Q1 07:48,43.8,38,rebound,Cauley-Stein REBOUND (Off:0 Def:2),[],Cauley-Stein,9,4,,False,False,1626161.0,,2pt missed,3pt missed,,,,1626161|1627741|1627854|1628368|1628401|200746|201942|201967|202357|202697,1626161|1627741|1628368|202357|202697,1627854|1628401|200746|201942|201967,,,1610612758.0,21800197,True
1,PT07M44.00S,07:44,Q1 07:44,43.733333333333334,39,3pt,MISS Fox 26' 3PT Jump Shot,[],Fox,9,4,Missed,True,False,1628368.0,,rebound,rebound,,,,1626161|1627741|1627854|1628368|1628401|200746|201942|201967|202357|202697,1626161|1627741|1628368|202357|202697,1627854|1628401|200746|201942|201967,-78.0,247.0,1610612758.0,21800197,True
1,PT07M41.00S,07:41,Q1 07:41,43.68333333333334,40,rebound,Aldridge REBOUND (Off:0 Def:2),[],Aldridge,9,4,,False,False,200746.0,,3pt missed,2pt missed,,,,1626161|1627741|1627854|1628368|1628401|200746|201942|201967|202357|202697,1627854|1628401|200746|201942|201967,1626161|1627741|1628368|202357|202697,,,1610612759.0,21800197,True
1,PT07M30.00S,07:30,Q1 07:30,43.5,41,2pt,MISS White 15' Jump Shot,[],White,9,4,Missed,True,False,1628401.0,,rebound,rebound,,,,1626161|1627741|1627854|1628368|1628401|200746|201942|201967|202357|202697,1627854|1628401|200746|201942|201967,1626161|1627741|1628368|202357|202697,153.0,9.0,1610612759.0,21800197,True
1,PT07M24.00S,07:24,Q1 07:24,43.4,42,rebound,Bjelica REBOUND (Off:0 Def:2),[],Bjelica,9,4,,False,False,202357.0,,2pt missed,2pt missed,,,,1626161|1627741|1627854|1628368|1628401|200746|201942|201967|202357|202697,1626161|1627741|1628368|202357|202697,1627854|1628401|200746|201942|201967,,,1610612758.0,21800197,True
1,PT07M19.00S,07:19,Q1 07:19,43.31666666666666,43,2pt,MISS Shumpert 6' Fadeaway Jumper,['pointsinthepaint'],Shumpert,9,4,Missed,True,False,202697.0,,rebound,rebound,,,,1626161|1627741|1627854|1628368|1628401|200746|201942|201967|202357|202697,1626161|1627741|1628368|202357|202697,1627854|1628401|200746|201942|201967,29.0,54.0,1610612758.0,21800197,True
1,PT07M17.00S,07:17,Q1 07:17,43.28333333333333,44,rebound,Aldridge REBOUND (Off:0 Def:3),[],Aldridge,9,4,,False,False,200746.0,,2pt missed,2pt made,,,,1626161|1627741|1627854|1628368|1628401|200746|201942|201967|202357|202697,1627854|1628401|200746|201942|201967,1626161|1627741|1628368|202357|202697,,,1610612759.0,21800197,True
1,PT07M09.00S,07:09,Q1 07:09,43.15,45,2pt,Aldridge 8' Turnaround Fadeaway (2 PTS) (White 1 AST),[],Aldridge,9,6,Made,True,True,200746.0,1628401.0,rebound,2pt made,,,,1626161|1627741|1627854|1628368|1628401|200746|201942|201967|202357|202697,1627854|1628401|200746|201942|201967,1626161|1627741|1628368|202357|202697,-82.0,0.0,1610612759.0,21800197,True
1,PT06M50.00S,06:50,Q1 06:50,42.833333333333336,46,2pt,Hield 18' Fadeaway Jumper (4 PTS) (Cauley-Stein 1 AST),[],Hield,11,6,Made,True,True,1627741.0,1626161.0,2pt made,2pt made,,,,1626161|1627741|1627854|1628368|1628401|200746|201942|201967|202357|202697,1626161|1627741|1628368|202357|202697,1627854|1628401|200746|201942|201967,-36.0,180.0,1610612758.0,21800197,True
1,PT06M31.00S,06:31,Q1 06:31,42.516666666666666,49,2pt,Aldridge 13' Fadeaway Jumper (4 PTS),[],Aldridge,11,8,Made,True,False,200746.0,,2pt made,turnover,,,,1626161|1627741|1627854|1628368|1628401|200746|201942|201967|202357|202697,1627854|1628401|200746|201942|201967,1626161|1627741|1628368|202357|202697,-125.0,0.0,1610612759.0,21800197,True
1,PT06M22.00S,06:22,Q1 06:22,42.36666666666667,50,turnover,Fox Traveling Turnover (P2.T3),[],Fox,11,8,,False,False,1628368.0,,2pt made,timeout,,,,1626161|1627741|1627854|1628368|1628401|200746|201942|201967|202357|202697,1626161|1627741|1628368|202357|202697,1627854|1628401|200746|201942|201967,,,1610612758.0,21800197,True
1,PT06M22.00S,06:22,Q1 06:22,42.36666666666667,51,timeout,KINGS Timeout: Regular (Full 1 Short 0),[],,11,8,,False,False,0.0,,turnover,foul,,,,1626161|1627741|1627854|1628368|1628401|200746|201942|201967|202357|202697,1626161|1627741|1628368|202357|202697,1627854|1628401|200746|201942|201967,,,1610612758.0,21800197,True
1,PT06M04.00S,06:04,Q1 06:04,42.06666666666666,55,foul,KINGS T.Foul (Def. 3 Sec Bjelica ) (C.Washington),[],Bjelica,11,8,,False,False,202357.0,,timeout,freethrow,201942.0,,,1626161|1627741|1627854|1628368|1628401|200746|201942|201967|202357|202697,1626161|1627741|1628368|202357|202697,1627854|1628401|200746|201942|201967,,,1610612758.0,21800197,True
1,PT06M04.00S,06:04,Q1 06:04,42.06666666666666,56,freethrow,DeRozan Free Throw Technical (1 PTS),[],DeRozan,11,9,Made,False,False,201942.0,,foul,turnover,,,,1626161|1627741|1627854|1628368|1628401|200746|201942|201967|202357|202697,1627854|1628401|200746|201942|201967,1626161|1627741|1628368|202357|202697,,,1610612759.0,21800197,True
1,PT05M53.00S,05:53,Q1 05:53,41.88333333333333,57,turnover,Cunningham Bad Pass Turnover (P1.T2),[],Cunningham,11,9,,False,False,201967.0,,freethrow,steal,,,,1626161|1627741|1627854|1628368|1628401|200746|201942|201967|202357|202697,1627854|1628401|200746|201942|201967,1626161|1627741|1628368|202357|202697,,,1610612759.0,21800197,True
1,PT05M53.00S,05:53,Q1 05:53,41.88333333333333,57,steal,Shumpert STEAL (1 STL),[],Shumpert,11,9,,False,False,202697.0,,turnover,2pt made,,202697.0,,1626161|1627741|1627854|1628368|1628401|200746|201942|201967|202357|202697,1626161|1627741|1628368|202357|202697,1627854|1628401|200746|201942|201967,,,1610612758.0,21800197,True
1,PT05M49.00S,05:49,Q1 05:49,41.81666666666666,59,2pt,Cauley-Stein 2' Running Dunk (4 PTS) (Shumpert 1 AST),['pointsinthepaint'],Cauley-Stein,13,9,Made,True,True,1626161.0,202697.0,steal,2pt made,,,,1626161|1627741|1627854|1628368|1628401|200746|201942|201967|202357|202697,1626161|1627741|1628368|202357|202697,1627854|1628401|200746|201942|201967,6.0,17.0,1610612758.0,21800197,True
1,PT05M34.00S,05:34,Q1 05:34,41.56666666666666,61,2pt,DeRozan 18' Jump Shot (3 PTS) (White 2 AST),[],DeRozan,13,11,Made,True,True,201942.0,1628401.0,2pt made,3pt made,,,,1626161|1627741|1627854|1628368|1628401|200746|201942|201967|202357|202697,1627854|1628401|200746|201942|201967,1626161|1627741|1628368|202357|202697,2.0,182.0,1610612759.0,21800197,True
1,PT05M11.00S,05:11,Q1 05:11,41.18333333333334,63,3pt,Hield 26' 3PT Jump Shot (7 PTS) (Cauley-Stein 2 AST),[],Hield,16,11,Made,True,True,1627741.0,1626161.0,2pt made,2pt missed,,,,1626161|1627741|1627854|1628368|1628401|200746|201942|201967|202357|202697,1626161|1627741|1628368|202357|202697,1627854|1628401|200746|201942|201967,-1.0,257.0,1610612758.0,21800197,True
1,PT04M59.00S,04:59,Q1 04:59,40.983333333333334,65,2pt,MISS White 8' Jump Shot,['pointsinthepaint'],White,16,11,Missed,True,False,1628401.0,,3pt made,block,,,,1626161|1627741|1627854|1628368|1628401|200746|201942|201967|202357|202697,1627854|1628401|200746|201942|201967,1626161|1627741|1628368|202357|202697,-42.0,72.0,1610612759.0,21800197,True
1,PT04M59.00S,04:59,Q1 04:59,40.983333333333334,65,block,Fox BLOCK (1 BLK),[],Fox,16,11,,False,False,1628368.0,,2pt missed,rebound,,,1628368.0,1626161|1627741|1627854|1628368|1628401|200746|201942|201967|202357|202697,1626161|1627741|1628368|202357|202697,1627854|1628401|200746|201942|201967,,,1610612758.0,21800197,True
1,PT04M56.00S,04:56,Q1 04:56,40.93333333333334,66,rebound,Fox REBOUND (Off:0 Def:1),[],Fox,16,11,,False,False,1628368.0,,block,3pt made,,,,1626161|1627741|1627854|1628368|1628401|200746|201942|201967|202357|202697,1626161|1627741|1628368|202357|202697,1627854|1628401|200746|201942|201967,,,1610612758.0,21800197,True
1,PT04M52.00S,04:52,Q1 04:52,40.86666666666667,67,3pt,Hield 26' 3PT Jump Shot (10 PTS) (Fox 1 AST),[],Hield,19,11,Made,True,True,1627741.0,1628368.0,rebound,turnover,,,,1626161|1627741|1627854|1628368|1628401|200746|201942|201967|202357|202697,1626161|1627741|1628368|202357|202697,1627854|1628401|200746|201942|201967,151.0,214.0,1610612758.0,21800197,True
1,PT04M39.00S,04:39,Q1 04:39,40.65,69,turnover,White Bad Pass Turnover (P1.T3),[],White,19,11,,False,False,1628401.0,,3pt made,steal,,,,1626161|1627741|1627854|1628368|1628401|200746|201942|201967|202357|202697,1627854|1628401|200746|201942|201967,1626161|1627741|1628368|202357|202697,,,1610612759.0,21800197,True
1,PT04M39.00S,04:39,Q1 04:39,40.65,69,steal,Hield STEAL (2 STL),[],Hield,19,11,,False,False,1627741.0,,turnover,2pt missed,,1627741.0,,1626161|1627741|1627854|1628368|1628401|200746|201942|201967|202357|202697,1626161|1627741|1628368|202357|202697,1627854|1628401|200746|201942|201967,,,1610612758.0,21800197,True
1,PT04M36.00S,04:36,Q1 04:36,40.6,71,2pt,MISS Hield 2' Running Layup,['pointsinthepaint'],Hield,19,11,Missed,True,False,1627741.0,,steal,rebound,,,,1626161|1627741|1627854|1628368|1628401|200746|201942|201967|202357|202697,1626161|1627741|1628368|202357|202697,1627854|1628401|200746|201942|201967,18.0,8.0,1610612758.0,21800197,True
1,PT04M33.00S,04:33,Q1 04:33,40.55,72,rebound,Aldridge REBOUND (Off:0 Def:4),[],Aldridge,19,11,,False,False,200746.0,,2pt missed,3pt made,,,,1626161|1627741|1627854|1628368|1628401|200746|201942|201967|202357|202697,1627854|1628401|200746|201942|201967,1626161|1627741|1628368|202357|202697,,,1610612759.0,21800197,True
1,PT04M29.00S,04:29,Q1 04:29,40.483333333333334,73,3pt,Forbes 25' 3PT Jump Shot (3 PTS) (White 3 AST),[],Forbes,19,14,Made,True,True,1627854.0,1628401.0,rebound,3pt missed,,,,1626161|1627741|1627854|1628368|1628401|200746|201942|201967|202357|202697,1627854|1628401|200746|201942|201967,1626161|1627741|1628368|202357|202697,229.0,99.0,1610612759.0,21800197,True
1,PT04M22.00S,04:22,Q1 04:22,40.36666666666667,75,3pt,MISS Shumpert 25' 3PT Jump Shot,[],Shumpert,19,14,Missed,True,False,202697.0,,3pt made,rebound,,,,1626161|1627741|1627854|1628368|1628401|200746|201942|201967|202357|202697,1626161|1627741|1628368|202357|202697,1627854|1628401|200746|201942|201967,169.0,185.0,1610612758.0,21800197,True
1,PT04M19.00S,04:19,Q1 04:19,40.31666666666666,76,rebound,Aldridge REBOUND (Off:0 Def:5),[],Aldridge,19,14,,False,False,200746.0,,3pt missed,2pt made,,,,1626161|1627741|1627854|1628368|1628401|200746|201942|201967|202357|202697,1627854|1628401|200746|201942|201967,1626161|1627741|1628368|202357|202697,,,1610612759.0,21800197,True
1,PT04M10.00S,04:10,Q1 04:10,40.166666666666664,77,2pt,DeRozan 8' Turnaround Fadeaway (5 PTS),['pointsinthepaint'],DeRozan,19,16,Made,True,False,201942.0,,rebound,2pt made,,,,1626161|1627741|1627854|1628368|1628401|200746|201942|201967|202357|202697,1627854|1628401|200746|201942|201967,1626161|1627741|1628368|202357|202697,-78.0,16.0,1610612759.0,21800197,True
1,PT03M55.00S,03:55,Q1 03:55,39.916666666666664,78,2pt,Cauley-Stein 3' Layup (6 PTS) (Fox 2 AST),['pointsinthepaint'],Cauley-Stein,21,16,Made,True,True,1626161.0,1628368.0,2pt made,timeout,,,,1626161|1627741|1627854|1628368|1628401|200746|201942|201967|202357|202697,1626161|1627741|1628368|202357|202697,1627854|1628401|200746|201942|201967,29.0,12.0,1610612758.0,21800197,True
1,PT03M55.00S,03:55,Q1 03:55,39.916666666666664,80,timeout,Spurs Timeout: Regular (Reg.1 Short 0),[],,21,16,,False,False,0.0,,2pt made,substitution,,,,1626161|1627741|1627854|1628368|1628401|200746|201942|201967|202357|202697,1627854|1628401|200746|201942|201967,1626161|1627741|1628368|202357|202697,,,1610612759.0,21800197,True
1,PT03M55.00S,03:55,Q1 03:55,39.916666666666664,82,substitution,SUB out: I. Shumpert,[],Shumpert,21,16,,False,False,202697.0,,timeout,substitution,,,,1626161|1627741|1627854|1628368|1628401|200746|201942|201967|202357,1626161|1627741|1628368|202357,1627854|1628401|200746|201942|201967,,,1610612758.0,21800197,False
1,PT03M55.00S,03:55,Q1 03:55,39.916666666666664,83,substitution,SUB out: N. Bjelica,[],Bjelica,21,16,,False,False,202357.0,,substitution,substitution,,,,1626161|1627741|1627854|1628368|1628401|200746|201942|201967,1626161|1627741|1628368,1627854|1628401|200746|201942|201967,,,1610612758.0,21800197,False
1,PT03M55.00S,03:55,Q1 03:55,39.916666666666664,84,substitution,SUB out: D. Cunningham,[],Cunningham,21,16,,False,False,201967.0,,substitution,substitution,,,,1626161|1627741|1627854|1628368|1628401|200746|201942,1627854|1628401|200746|201942,1626161|1627741|1628368,,,1610612759.0,21800197,False
1,PT03M55.00S,03:55,Q1 03:55,39.916666666666664,85,substitution,SUB out: L. Aldridge,[],Aldridge,21,16,,False,False,200746.0,,substitution,substitution,,,,1626161|1627741|1627854|1628368|1628401|201942,1627854|1628401|201942,1626161|1627741|1628368,,,1610612759.0,21800197,False
1,PT03M55.00S,03:55,Q1 03:55,39.916666666666664,86,substitution,SUB out: B. Forbes,[],Forbes,21,16,,False,False,1627854.0,,substitution,substitution,,,,1626161|1627741|1628368|1628401|201942,1628401|201942,1626161|1627741|1628368,,,1610612759.0,21800197,False
1,PT03M55.00S,03:55,Q1 03:55,39.916666666666664,87,substitution,SUB out: D. White,[],White,21,16,,False,False,1628401.0,,substitution,substitution,,,,1626161|1627741|1628368|201942,201942,1626161|1627741|1628368,,,1610612759.0,21800197,False
1,PT03M55.00S,03:55,Q1 03:55,39.916666666666664,88,substitution,SUB in: B. Bogdanovic,[],Bogdanovic,21,16,,False,False,203992.0,,substitution,substitution,,,,1626161|1627741|1628368|201942|203992,1626161|1627741|1628368|203992,201942,,,1610612758.0,21800197,False
1,PT03M55.00S,03:55,Q1 03:55,39.916666666666664,89,substitution,SUB in: M. Bagley III,[],Bagley III,21,16,,False,False,1628963.0,,substitution,substitution,,,,1626161|1627741|1628368|1628963|201942|203992,1626161|1627741|1628368|1628963|203992,201942,,,1610612758.0,21800197,False
1,PT03M55.00S,03:55,Q1 03:55,39.916666666666664,90,substitution,SUB in: R. Gay,[],Gay,21,16,,False,False,200752.0,,substitution,substitution,,,,1626161|1627741|1628368|1628963|200752|201942|203992,200752|201942,1626161|1627741|1628368|1628963|203992,,,1610612759.0,21800197,False
1,PT03M55.00S,03:55,Q1 03:55,39.916666666666664,91,substitution,SUB in: M. Belinelli,[],Belinelli,21,16,,False,False,201158.0,,substitution,substitution,,,,1626161|1627741|1628368|1628963|200752|201158|201942|203992,200752|201158|201942,1626161|1627741|1628368|1628963|203992,,,1610612759.0,21800197,False
1,PT03M55.00S,03:55,Q1 03:55,39.916666666666664,92,substitution,SUB in: J. Poeltl,[],Poeltl,21,16,,False,False,1627751.0,,substitution,substitution,,,,1626161|1627741|1627751|1628368|1628963|200752|201158|201942|203992,1627751|200752|201158|201942,1626161|1627741|1628368|1628963|203992,,,1610612759.0,21800197,False
1,PT03M55.00S,03:55,Q1 03:55,39.916666666666664,93,substitution,SUB in: P. Mills,[],Mills,21,16,,False,False,201988.0,,substitution,foul,,,,1626161|1627741|1627751|1628368|1628963|200752|201158|201942|201988|203992,1627751|200752|201158|201942|201988,1626161|1627741|1628368|1628963|203992,,,1610612759.0,21800197,True
1,PT03M44.00S,03:44,Q1 03:44,39.733333333333334,94,foul,Bogdanovic P.FOUL (P1.T2) (M.Lindsay),[],Bogdanovic,21,16,,False,False,203992.0,,substitution,2pt missed,201942.0,,,1626161|1627741|1627751|1628368|1628963|200752|201158|201942|201988|203992,1626161|1627741|1628368|1628963|203992,1627751|200752|201158|201942|201988,,,1610612758.0,21800197,True
1,PT03M34.00S,03:34,Q1 03:34,39.56666666666666,96,2pt,MISS DeRozan 7' Jump Shot,['pointsinthepaint'],DeRozan,21,16,Missed,True,False,201942.0,,foul,rebound,,,,1626161|1627741|1627751|1628368|1628963|200752|201158|201942|201988|203992,1627751|200752|201158|201942|201988,1626161|1627741|1628368|1628963|203992,-25.0,62.0,1610612759.0,21800197,True
1,PT03M31.00S,03:31,Q1 03:31,39.516666666666666,97,rebound,Cauley-Stein REBOUND (Off:0 Def:3),[],Cauley-Stein,21,16,,False,False,1626161.0,,2pt missed,2pt missed,,,,1626161|1627741|1627751|1628368|1628963|200752|201158|201942|201988|203992,1626161|1627741|1628368|1628963|203992,1627751|200752|201158|201942|201988,,,1610612758.0,21800197,True
1,PT03M14.00S,03:14,Q1 03:14,39.233333333333334,98,2pt,MISS Cauley-Stein 2' Driving Layup,['pointsinthepaint'],Cauley-Stein,21,16,Missed,True,False,1626161.0,,rebound,rebound,,,,1626161|1627741|1627751|1628368|1628963|200752|201158|201942|201988|203992,1626161|1627741|1628368|1628963|203992,1627751|200752|201158|201942|201988,-11.0,15.0,1610612758.0,21800197,True
1,PT03M12.00S,03:12,Q1 03:12,39.2,99,rebound,Poeltl REBOUND (Off:0 Def:1),[],Poeltl,21,16,,False,False,1627751.0,,2pt missed,3pt made,,,,1626161|1627741|1627751|1628368|1628963|200752|201158|201942|201988|203992,1627751|200752|201158|201942|201988,1626161|1627741|1628368|1628963|203992,,,1610612759.0,21800197,True
1,PT03M03.00S,03:03,Q1 03:03,39.05,100,3pt,Gay 25' 3PT Jump Shot (3 PTS) (DeRozan 2 AST),[],Gay,21,19,Made,True,True,200752.0,201942.0,rebound,foul,,,,1626161|1627741|1627751|1628368|1628963|200752|201158|201942|201988|203992,1627751|200752|201158|201942|201988,1626161|1627741|1628368|1628963|203992,-112.0,225.0,1610612759.0,21800197,True
1,PT02M51.00S,02:51,Q1 02:51,38.85,102,foul,Bagley III OFF.Foul (P1) (M.Lindsay),[],Bagley III,21,19,,False,False,1628963.0,,3pt made,turnover,201988.0,,,1626161|1627741|1627751|1628368|1628963|200752|201158|201942|201988|203992,1626161|1627741|1628368|1628963|203992,1627751|200752|201158|201942|201988,,,1610612758.0,21800197,True
1,PT02M51.00S,02:51,Q1 02:51,38.85,104,turnover,Bagley III Offensive Foul Turnover (P1.T4),[],Bagley III,21,19,,False,False,1628963.0,,foul,substitution,,,,1626161|1627741|1627751|1628368|1628963|200752|201158|201942|201988|203992,1626161|1627741|1628368|1628963|203992,1627751|200752|201158|201942|201988,,,1610612758.0,21800197,True
1,PT02M51.00S,02:51,Q1 02:51,38.85,105,substitution,SUB out: D. Fox,[],Fox,21,19,,False,False,1628368.0,,turnover,substitution,,,,1626161|1627741|1627751|1628963|200752|201158|201942|201988|203992,1626161|1627741|1628963|203992,1627751|200752|201158|201942|201988,,,1610612758.0,21800197,False
1,PT02M51.00S,02:51,Q1 02:51,38.85,106,substitution,SUB out: B. Hield,[],Hield,21,19,,False,False,1627741.0,,substitution,substitution,,,,1626161|1627751|1628963|200752|201158|201942|201988|203992,1626161|1628963|203992,1627751|200752|201158|201942|201988,,,1610612758.0,21800197,False
1,PT02M51.00S,02:51,Q1 02:51,38.85,107,substitution,SUB in: F. Mason III,[],Mason III,21,19,,False,False,1628412.0,,substitution,substitution,,,,1626161|1627751|1628412|1628963|200752|201158|201942|201988|203992,1626161|1628412|1628963|203992,1627751|200752|201158|201942|201988,,,1610612758.0,21800197,False
1,PT02M51.00S,02:51,Q1 02:51,38.85,108,substitution,SUB in: J. Jackson,[],Jackson,21,19,,False,False,1628382.0,,substitution,2pt missed,,,,1626161|1627751|1628382|1628412|1628963|200752|201158|201942|201988|203992,1626161|1628382|1628412|1628963|203992,1627751|200752|201158|201942|201988,,,1610612758.0,21800197,True
1,PT02M31.00S,02:31,Q1 02:31,38.516666666666666,109,2pt,MISS Mills 16' Jump Shot,[],Mills,21,19,Missed,True,False,201988.0,,substitution,rebound,,,,1626161|1627751|1628382|1628412|1628963|200752|201158|201942|201988|203992,1627751|200752|201158|201942|201988,1626161|1628382|1628412|1628963|203992,-131.0,99.0,1610612759.0,21800197,True
1,PT02M28.00S,02:28,Q1 02:28,38.46666666666667,110,rebound,Bagley III REBOUND (Off:0 Def:1),[],Bagley III,21,19,,False,False,1628963.0,,2pt missed,2pt made,,,,1626161|1627751|1628382|1628412|1628963|200752|201158|201942|201988|203992,1626161|1628382|1628412|1628963|203992,1627751|200752|201158|201942|201988,,,1610612758.0,21800197,True
1,PT02M15.00S,02:15,Q1 02:15,38.25,111,2pt,Cauley-Stein 2' Driving Layup (8 PTS),['pointsinthepaint'],Cauley-Stein,23,19,Made,True,False,1626161.0,,rebound,foul,,,,1626161|1627751|1628382|1628412|1628963|200752|201158|201942|201988|203992,1626161|1628382|1628412|1628963|203992,1627751|200752|201158|201942|201988,-13.0,13.0,1610612758.0,21800197,True
1,PT02M07.00S,02:07,Q1 02:07,38.11666666666667,112,foul,Bogdanovic P.FOUL (P2.T3) (M.Lindsay),['inpenalty'],Bogdanovic,23,19,,False,False,203992.0,,2pt made,substitution,200752.0,,,1626161|1627751|1628382|1628412|1628963|200752|201158|201942|201988|203992,1626161|1628382|1628412|1628963|203992,1627751|200752|201158|201942|201988,,,1610612758.0,21800197,True
1,PT02M07.00S,02:07,Q1 02:07,38.11666666666667,114,substitution,SUB out: D. DeRozan,[],DeRozan,23,19,,False,False,201942.0,,foul,substitution,,,,1626161|1627751|1628382|1628412|1628963|200752|201158|201988|203992,1627751|200752|201158|201988,1626161|1628382|1628412|1628963|203992,,,1610612759.0,21800197,False
1,PT02M07.00S,02:07,Q1 02:07,38.11666666666667,115,substitution,SUB out: W. Cauley-Stein,[],Cauley-Stein,23,19,,False,False,1626161.0,,substitution,substitution,,,,1627751|1628382|1628412|1628963|200752|201158|201988|203992,1628382|1628412|1628963|203992,1627751|200752|201158|201988,,,1610612758.0,21800197,False
1,PT02M07.00S,02:07,Q1 02:07,38.11666666666667,116,substitution,SUB in: B. Forbes,[],Forbes,23,19,,False,False,1627854.0,,substitution,substitution,,,,1627751|1627854|1628382|1628412|1628963|200752|201158|201988|203992,1627751|1627854|200752|201158|201988,1628382|1628412|1628963|203992,,,1610612759.0,21800197,False
1,PT02M07.00S,02:07,Q1 02:07,38.11666666666667,117,substitution,SUB in: H. Giles III,[],Giles III,23,19,,False,False,1628385.0,,substitution,2pt missed,,,,1627751|1627854|1628382|1628385|1628412|1628963|200752|201158|201988|203992,1628382|1628385|1628412|1628963|203992,1627751|1627854|200752|201158|201988,,,1610612758.0,21800197,True
1,PT01M54.00S,01:54,Q1 01:54,37.9,118,2pt,MISS Gay 11' Fadeaway Jumper,['pointsinthepaint'],Gay,23,19,Missed,True,False,200752.0,,substitution,rebound,,,,1627751|1627854|1628382|1628385|1628412|1628963|200752|201158|201988|203992,1627751|1627854|200752|201158|201988,1628382|1628385|1628412|1628963|203992,51.0,96.0,1610612759.0,21800197,True
1,PT01M50.00S,01:50,Q1 01:50,37.833333333333336,119,rebound,Bagley III REBOUND (Off:0 Def:2),[],Bagley III,23,19,,False,False,1628963.0,,2pt missed,turnover,,,,1627751|1627854|1628382|1628385|1628412|1628963|200752|201158|201988|203992,1628382|1628385|1628412|1628963|203992,1627751|1627854|200752|201158|201988,,,1610612758.0,21800197,True
1,PT01M49.00S,01:49,Q1 01:49,37.81666666666667,120,turnover,Giles III Traveling Turnover (P1.T5),[],Giles III,23,19,,False,False,1628385.0,,rebound,3pt made,,,,1627751|1627854|1628382|1628385|1628412|1628963|200752|201158|201988|203992,1628382|1628385|1628412|1628963|203992,1627751|1627854|200752|201158|201988,,,1610612758.0,21800197,True
1,PT01M31.00S,01:31,Q1 01:31,37.516666666666666,121,3pt,Mills 25' 3PT Jump Shot (3 PTS) (Poeltl 1 AST),[],Mills,23,22,Made,True,True,201988.0,1627751.0,turnover,2pt missed,,,,1627751|1627854|1628382|1628385|1628412|1628963|200752|201158|201988|203992,1627751|1627854|200752|201158|201988,1628382|1628385|1628412|1628963|203992,-85.0,235.0,1610612759.0,21800197,True
1,PT01M08.00S,01:08,Q1 01:08,37.13333333333333,123,2pt,MISS Giles III 5' Driving Layup,['pointsinthepaint'],Giles III,23,22,Missed,True,False,1628385.0,,3pt made,rebound,,,,1627751|1627854|1628382|1628385|1628412|1628963|200752|201158|201988|203992,1628382|1628385|1628412|1628963|203992,1627751|1627854|200752|201158|201988,15.0,47.0,1610612758.0,21800197,True
1,PT01M04.00S,01:04,Q1 01:04,37.06666666666667,124,rebound,Giles III REBOUND (Off:1 Def:0),[],Giles III,23,22,,False,False,1628385.0,,2pt missed,2pt made,,,,1627751|1627854|1628382|1628385|1628412|1628963|200752|201158|201988|203992,1628382|1628385|1628412|1628963|203992,1627751|1627854|200752|201158|201988,,,1610612758.0,21800197,True
1,PT01M04.00S,01:04,Q1 01:04,37.06666666666667,125,2pt,Giles III 1' Tip Layup Shot (2 PTS),['pointsinthepaint'],Giles III,25,22,Made,True,False,1628385.0,,rebound,3pt missed,,,,1627751|1627854|1628382|1628385|1628412|1628963|200752|201158|201988|203992,1628382|1628385|1628412|1628963|203992,1627751|1627854|200752|201158|201988,0.0,-6.0,1610612758.0,21800197,True
1,PT00M59.80S,00:59,Q1 00:59,36.99666666666667,126,3pt,MISS Mills 25' 3PT Jump Shot,[],Mills,25,22,Missed,True,False,201988.0,,2pt made,rebound,,,,1627751|1627854|1628382|1628385|1628412|1628963|200752|201158|201988|203992,1627751|1627854|200752|201158|201988,1628382|1628385|1628412|1628963|203992,-54.0,245.0,1610612759.0,21800197,True
1,PT00M54.60S,00:54,Q1 00:54,36.91,127,rebound,Gay REBOUND (Off:1 Def:0),[],Gay,25,22,,False,False,200752.0,,3pt missed,3pt missed,,,,1627751|1627854|1628382|1628385|1628412|1628963|200752|201158|201988|203992,1627751|1627854|200752|201158|201988,1628382|1628385|1628412|1628963|203992,,,1610612759.0,21800197,True
1,PT00M45.50S,00:45,Q1 00:45,36.75833333333333,128,3pt,MISS Gay 25' 3PT Jump Shot,[],Gay,25,22,Missed,True,False,200752.0,,rebound,rebound,,,,1627751|1627854|1628382|1628385|1628412|1628963|200752|201158|201988|203992,1627751|1627854|200752|201158|201988,1628382|1628385|1628412|1628963|203992,-122.0,218.0,1610612759.0,21800197,True
1,PT00M42.40S,00:42,Q1 00:42,36.70666666666666,129,rebound,Bogdanovic REBOUND (Off:0 Def:1),[],Bogdanovic,25,22,,False,False,203992.0,,3pt missed,foul,,,,1627751|1627854|1628382|1628385|1628412|1628963|200752|201158|201988|203992,1628382|1628385|1628412|1628963|203992,1627751|1627854|200752|201158|201988,,,1610612758.0,21800197,True
1,PT00M36.10S,00:36,Q1 00:36,36.60166666666667,130,foul,Poeltl P.FOUL (P1.T1) (J.Phillips),[],Poeltl,25,22,,False,False,1627751.0,,rebound,3pt missed,1628412.0,,,1627751|1627854|1628382|1628385|1628412|1628963|200752|201158|201988|203992,1627751|1627854|200752|201158|201988,1628382|1628385|1628412|1628963|203992,,,1610612759.0,21800197,True
1,PT00M31.50S,00:31,Q1 00:31,36.525,132,3pt,MISS Mason 26' 3PT Jump Shot,[],Mason III,25,22,Missed,True,False,1628412.0,,foul,rebound,,,,1627751|1627854|1628382|1628385|1628412|1628963|200752|201158|201988|203992,1628382|1628385|1628412|1628963|203992,1627751|1627854|200752|201158|201988,-157.0,201.0,1610612758.0,21800197,True
1,PT00M28.70S,00:28,Q1 00:28,36.47833333333333,133,rebound,Mason REBOUND (Off:1 Def:0),[],Mason III,25,22,,False,False,1628412.0,,3pt missed,2pt missed,,,,1627751|1627854|1628382|1628385|1628412|1628963|200752|201158|201988|203992,1628382|1628385|1628412|1628963|203992,1627751|1627854|200752|201158|201988,,,1610612758.0,21800197,True
1,PT00M24.80S,00:24,Q1 00:24,36.413333333333334,134,2pt,MISS Jackson 15' Pullup Jump Shot,[],Jackson,25,22,Missed,True,False,1628382.0,,rebound,rebound,,,,1627751|1627854|1628382|1628385|1628412|1628963|200752|201158|201988|203992,1628382|1628385|1628412|1628963|203992,1627751|1627854|200752|201158|201988,116.0,99.0,1610612758.0,21800197,True
1,PT00M24.80S,00:24,Q1 00:24,36.413333333333334,135,rebound,Poeltl REBOUND (Off:0 Def:2),[],Poeltl,25,22,,False,False,1627751.0,,2pt missed,foul,,,,1627751|1627854|1628382|1628385|1628412|1628963|200752|201158|201988|203992,1627751|1627854|200752|201158|201988,1628382|1628385|1628412|1628963|203992,,,1610612759.0,21800197,True
1,PT00M06.70S,00:06,Q1 00:06,36.111666666666665,136,foul,Giles III P.FOUL (P1.T4) (M.Lindsay),['inpenalty'],Giles III,25,22,,False,False,1628385.0,,rebound,2pt made,200752.0,,,1627751|1627854|1628382|1628385|1628412|1628963|200752|201158|201988|203992,1628382|1628385|1628412|1628963|203992,1627751|1627854|200752|201158|201988,,,1610612758.0,21800197,True
1,PT00M04.40S,00:04,Q1 00:04,36.07333333333333,138,2pt,Gay 13' Jump Shot (5 PTS) (Forbes 2 AST),[],Gay,25,24,Made,True,True,200752.0,1627854.0,foul,3pt missed,,,,1627751|1627854|1628382|1628385|1628412|1628963|200752|201158|201988|203992,1627751|1627854|200752|201158|201988,1628382|1628385|1628412|1628963|203992,-131.0,10.0,1610612759.0,21800197,True
1,PT00M00.20S,00:00,Q1 00:00,36.00333333333333,140,3pt,MISS Bogdanovic 47' 3PT Jump Shot,[],Bogdanovic,25,24,Missed,True,False,203992.0,,2pt made,rebound,,,,1627751|1627854|1628382|1628385|1628412|1628963|200752|201158|201988|203992,1628382|1628385|1628412|1628963|203992,1627751|1627854|200752|201158|201988,-139.0,454.0,1610612758.0,21800197,True
1,PT00M00.20S,00:00,Q1 00:00,36.00333333333333,141,rebound,TEAM offensive REBOUND,['team'],,25,24,,False,False,0.0,,3pt missed,period,,,,1627751|1627854|1628382|1628385|1628412|1628963|200752|201158|201988|203992,1628382|1628385|1628412|1628963|203992,1627751|1627854|200752|201158|201988,,,1610612758.0,21800197,True
1,PT00M00.00S,00:00,Q1 00:00,36.0,142,period,End of 1st Period (10:33 PM EST),[],,25,24,,False,False,0.0,,rebound,period,,,,1627751|1627854|1628382|1628385|1628412|1628963|200752|201158|201988|203992,1628382|1628385|1628412|1628963|203992,1627751|1627854|200752|201158|201988,,,1610612758.0,21800197,True
2,PT12M00.00S,12:00,Q2 12:00,36.0,143,period,Start of 2nd Period (10:35 PM EST),[],,25,24,,False,False,0.0,,period,2pt made,,,,1627751|1627854|1628382|1628385|1628412|1628963|200752|201158|201988|203992,1628382|1628385|1628412|1628963|203992,1627751|1627854|200752|201158|201988,,,1610612758.0,21800197,True
2,PT11M37.00S,11:37,Q2 11:37,35.61666666666667,144,2pt,Forbes 8' Driving Floating Jump Shot (5 PTS) (Mills 1 AST),['pointsinthepaint'],Forbes,25,26,Made,True,True,1627854.0,201988.0,period,turnover,,,,1627751|1627854|1628382|1628385|1628412|1628963|200752|201158|201988|203992,1627751|1627854|200752|201158|201988,1628382|1628385|1628412|1628963|203992,-8.0,84.0,1610612759.0,21800197,True
2,PT11M20.00S,11:20,Q2 11:20,35.333333333333336,146,turnover,Bagley III Lost Ball Turnover (P2.T6),[],Bagley III,25,26,,False,False,1628963.0,,2pt made,steal,,,,1627751|1627854|1628382|1628385|1628412|1628963|200752|201158|201988|203992,1628382|1628385|1628412|1628963|203992,1627751|1627854|200752|201158|201988,,,1610612758.0,21800197,True
2,PT11M20.00S,11:20,Q2 11:20,35.333333333333336,146,steal,Mills STEAL (1 STL),[],Mills,25,26,,False,False,201988.0,,turnover,3pt missed,,201988.0,,1627751|1627854|1628382|1628385|1628412|1628963|200752|201158|201988|203992,1627751|1627854|200752|201158|201988,1628382|1628385|1628412|1628963|203992,,,1610612759.0,21800197,True
2,PT11M15.00S,11:15,Q2 11:15,35.25,148,3pt,MISS Forbes 24' 3PT Jump Shot,[],Forbes,25,26,Missed,True,False,1627854.0,,steal,rebound,,,,1627751|1627854|1628382|1628385|1628412|1628963|200752|201158|201988|203992,1627751|1627854|200752|201158|201988,1628382|1628385|1628412|1628963|203992,236.0,40.0,1610612759.0,21800197,True
2,PT11M11.00S,11:11,Q2 11:11,35.18333333333334,149,rebound,Jackson REBOUND (Off:0 Def:1),[],Jackson,25,26,,False,False,1628382.0,,3pt missed,3pt made,,,,1627751|1627854|1628382|1628385|1628412|1628963|200752|201158|201988|203992,1628382|1628385|1628412|1628963|203992,1627751|1627854|200752|201158|201988,,,1610612758.0,21800197,True
2,PT10M59.00S,10:59,Q2 10:59,34.983333333333334,150,3pt,Bogdanovic 26' 3PT Jump Shot (3 PTS),[],Bogdanovic,28,26,Made,True,False,203992.0,,rebound,2pt missed,,,,1627751|1627854|1628382|1628385|1628412|1628963|200752|201158|201988|203992,1628382|1628385|1628412|1628963|203992,1627751|1627854|200752|201158|201988,62.0,248.0,1610612758.0,21800197,True
2,PT10M47.00S,10:47,Q2 10:47,34.78333333333333,151,2pt,MISS Belinelli 20' Jump Shot,[],Belinelli,28,26,Missed,True,False,201158.0,,3pt made,rebound,,,,1627751|1627854|1628382|1628385|1628412|1628963|200752|201158|201988|203992,1627751|1627854|200752|201158|201988,1628382|1628385|1628412|1628963|203992,7.0,198.0,1610612759.0,21800197,True
2,PT10M45.00S,10:45,Q2 10:45,34.75,152,rebound,Giles III REBOUND (Off:1 Def:1),[],Giles III,28,26,,False,False,1628385.0,,2pt missed,3pt missed,,,,1627751|1627854|1628382|1628385|1628412|1628963|200752|201158|201988|203992,1628382|1628385|1628412|1628963|203992,1627751|1627854|200752|201158|201988,,,1610612758.0,21800197,True
2,PT10M38.00S,10:38,Q2 10:38,34.63333333333333,153,3pt,MISS Bagley III 25' 3PT Jump Shot,[],Bagley III,28,26,Missed,True,False,1628963.0,,rebound,rebound,,,,1627751|1627854|1628382|1628385|1628412|1628963|200752|201158|201988|203992,1628382|1628385|1628412|1628963|203992,1627751|1627854|200752|201158|201988,25.0,249.0,1610612758.0,21800197,True
2,PT10M35.00S,10:35,Q2 10:35,34.583333333333336,154,rebound,Mills REBOUND (Off:0 Def:1),[],Mills,28,26,,False,False,201988.0,,3pt missed,2pt made,,,,1627751|1627854|1628382|1628385|1628412|1628963|200752|201158|201988|203992,1627751|1627854|200752|201158|201988,1628382|1628385|1628412|1628963|203992,,,1610612759.0,21800197,True
2,PT10M32.00S,10:32,Q2 10:32,34.53333333333333,155,2pt,Belinelli 20' Jump Shot (2 PTS) (Mills 2 AST),[],Belinelli,28,28,Made,True,True,201158.0,201988.0,rebound,2pt made,,,,1627751|1627854|1628382|1628385|1628412|1628963|200752|201158|201988|203992,1627751|1627854|200752|201158|201988,1628382|1628385|1628412|1628963|203992,180.0,93.0,1610612759.0,21800197,True
2,PT10M12.00S,10:12,Q2 10:12,34.2,156,2pt,Giles III 21' Jump Shot (4 PTS) (Mason 1 AST),[],Giles III,30,28,Made,True,False,1628385.0,,2pt made,2pt missed,,,,1627751|1627854|1628382|1628385|1628412|1628963|200752|201158|201988|203992,1628382|1628385|1628412|1628963|203992,1627751|1627854|200752|201158|201988,9.0,207.0,1610612758.0,21800197,True
2,PT09M56.00S,09:56,Q2 09:56,33.93333333333334,175,2pt,MISS Gay 3' Driving Layup,['pointsinthepaint'],Gay,30,28,Missed,True,False,200752.0,,2pt made,block,,,,1627751|1627854|1628382|1628385|1628412|1628963|200752|201158|201988|203992,1627751|1627854|200752|201158|201988,1628382|1628385|1628412|1628963|203992,8.0,28.0,1610612759.0,21800197,True
2,PT09M56.00S,09:56,Q2 09:56,33.93333333333334,175,block,Bagley III BLOCK (1 BLK),[],Bagley III,30,28,,False,False,1628963.0,,2pt missed,rebound,,,1628963.0,1627751|1627854|1628382|1628385|1628412|1628963|200752|201158|201988|203992,1628382|1628385|1628412|1628963|203992,1627751|1627854|200752|201158|201988,,,1610612758.0,21800197,True
2,PT09M52.00S,09:52,Q2 09:52,33.86666666666667,177,rebound,Gay REBOUND (Off:2 Def:0),[],Gay,30,28,,False,False,200752.0,,block,2pt made,,,,1627751|1627854|1628382|1628385|1628412|1628963|200752|201158|201988|203992,1627751|1627854|200752|201158|201988,1628382|1628385|1628412|1628963|203992,,,1610612759.0,21800197,True
2,PT09M48.00S,09:48,Q2 09:48,33.8,158,2pt,Forbes 3' Driving Layup (7 PTS),['pointsinthepaint'],Forbes,30,30,Made,True,False,1627854.0,,rebound,2pt made,,,,1627751|1627854|1628382|1628385|1628412|1628963|200752|201158|201988|203992,1627751|1627854|200752|201158|201988,1628382|1628385|1628412|1628963|203992,20.0,20.0,1610612759.0,21800197,True
2,PT09M30.00S,09:30,Q2 09:30,33.5,159,2pt,Mason 2' Driving Layup (2 PTS),['pointsinthepaint'],Mason III,32,30,Made,True,False,1628412.0,,2pt made,3pt made,,,,1627751|1627854|1628382|1628385|1628412|1628963|200752|201158|201988|203992,1628382|1628385|1628412|1628963|203992,1627751|1627854|200752|201158|201988,-19.0,15.0,1610612758.0,21800197,True
2,PT09M17.00S,09:17,Q2 09:17,33.28333333333333,160,3pt,Gay 25' 3PT Jump Shot (8 PTS) (Mills 3 AST),[],Gay,32,33,Made,True,True,200752.0,201988.0,2pt made,foul,,,,1627751|1627854|1628382|1628385|1628412|1628963|200752|201158|201988|203992,1627751|1627854|200752|201158|201988,1628382|1628385|1628412|1628963|203992,-103.0,227.0,1610612759.0,21800197,True
2,PT09M05.00S,09:05,Q2 09:05,33.083333333333336,162,foul,Spurs T.Foul (Def. 3 Sec Poeltl ) (C.Washington),[],Poeltl,32,33,,False,False,1627751.0,,3pt made,freethrow,203992.0,,,1627751|1627854|1628382|1628385|1628412|1628963|200752|201158|201988|203992,1627751|1627854|200752|201158|201988,1628382|1628385|1628412|1628963|203992,,,1610612759.0,21800197,True
2,PT09M05.00S,09:05,Q2 09:05,33.083333333333336,163,freethrow,Bogdanovic Free Throw Technical (4 PTS),[],Bogdanovic,33,33,Made,False,False,203992.0,,foul,substitution,,,,1627751|1627854|1628382|1628385|1628412|1628963|200752|201158|201988|203992,1628382|1628385|1628412|1628963|203992,1627751|1627854|200752|201158|201988,,,1610612758.0,21800197,True
2,PT09M05.00S,09:05,Q2 09:05,33.083333333333336,164,substitution,SUB out: R. Gay,[],Gay,33,33,,False,False,200752.0,,freethrow,substitution,,,,1627751|1627854|1628382|1628385|1628412|1628963|201158|201988|203992,1627751|1627854|201158|201988,1628382|1628385|1628412|1628963|203992,,,1610612759.0,21800197,False
2,PT09M05.00S,09:05,Q2 09:05,33.083333333333336,165,substitution,SUB out: J. Poeltl,[],Poeltl,33,33,,False,False,1627751.0,,substitution,substitution,,,,1627854|1628382|1628385|1628412|1628963|201158|201988|203992,1627854|201158|201988,1628382|1628385|1628412|1628963|203992,,,1610612759.0,21800197,False
2,PT09M05.00S,09:05,Q2 09:05,33.083333333333336,166,substitution,SUB in: D. Bertans,[],Bertans,33,33,,False,False,202722.0,,substitution,substitution,,,,1627854|1628382|1628385|1628412|1628963|201158|201988|202722|203992,1627854|201158|201988|202722,1628382|1628385|1628412|1628963|203992,,,1610612759.0,21800197,False
2,PT09M05.00S,09:05,Q2 09:05,33.083333333333336,167,substitution,SUB in: L. Aldridge,[],Aldridge,33,33,,False,False,200746.0,,substitution,3pt made,,,,1627854|1628382|1628385|1628412|1628963|200746|201158|201988|202722|203992,1627854|200746|201158|201988|202722,1628382|1628385|1628412|1628963|203992,,,1610612759.0,21800197,True
2,PT09M00.00S,09:00,Q2 09:00,33.0,168,3pt,Bogdanovic 26' 3PT Jump Shot (7 PTS) (Mason 2 AST),[],Bogdanovic,36,33,Made,True,False,203992.0,,substitution,2pt missed,,,,1627854|1628382|1628385|1628412|1628963|200746|201158|201988|202722|203992,1628382|1628385|1628412|1628963|203992,1627854|200746|201158|201988|202722,-133.0,225.0,1610612758.0,21800197,True
2,PT08M45.00S,08:45,Q2 08:45,32.75,170,2pt,MISS Aldridge 5' Layup,['pointsinthepaint'],Aldridge,36,33,Missed,True,False,200746.0,,3pt made,rebound,,,,1627854|1628382|1628385|1628412|1628963|200746|201158|201988|202722|203992,1627854|200746|201158|201988|202722,1628382|1628385|1628412|1628963|203992,-48.0,1.0,1610612759.0,21800197,True
2,PT08M45.00S,08:45,Q2 08:45,32.75,171,rebound,Mason REBOUND (Off:1 Def:1),[],Mason III,36,33,,False,False,1628412.0,,2pt missed,2pt made,,,,1627854|1628382|1628385|1628412|1628963|200746|201158|201988|202722|203992,1628382|1628385|1628412|1628963|203992,1627854|200746|201158|201988|202722,,,1610612758.0,21800197,True
2,PT08M33.00S,08:33,Q2 08:33,32.55,172,2pt,Giles III 3' Layup (6 PTS) (Bogdanovic 1 AST),['pointsinthepaint'],Giles III,38,33,Made,True,True,1628385.0,203992.0,rebound,timeout,,,,1627854|1628382|1628385|1628412|1628963|200746|201158|201988|202722|203992,1628382|1628385|1628412|1628963|203992,1627854|200746|201158|201988|202722,-6.0,29.0,1610612758.0,21800197,True
2,PT08M33.00S,08:33,Q2 08:33,32.55,174,timeout,Spurs Timeout: Regular (Reg.2 Short 0),[],,38,33,,False,False,0.0,,2pt made,substitution,,,,1627854|1628382|1628385|1628412|1628963|200746|201158|201988|202722|203992,1627854|200746|201158|201988|202722,1628382|1628385|1628412|1628963|203992,,,1610612759.0,21800197,True
2,PT08M33.00S,08:33,Q2 08:33,32.55,179,substitution,SUB out: B. Forbes,[],Forbes,38,33,,False,False,1627854.0,,timeout,substitution,,,,1628382|1628385|1628412|1628963|200746|201158|201988|202722|203992,200746|201158|201988|202722,1628382|1628385|1628412|1628963|203992,,,1610612759.0,21800197,False
2,PT08M33.00S,08:33,Q2 08:33,32.55,180,substitution,SUB out: D. Bertans,[],Bertans,38,33,,False,False,202722.0,,substitution,substitution,,,,1628382|1628385|1628412|1628963|200746|201158|201988|203992,200746|201158|201988,1628382|1628385|1628412|1628963|203992,,,1610612759.0,21800197,False
2,PT08M33.00S,08:33,Q2 08:33,32.55,181,substitution,SUB in: D. DeRozan,[],DeRozan,38,33,,False,False,201942.0,,substitution,substitution,,,,1628382|1628385|1628412|1628963|200746|201158|201942|201988|203992,200746|201158|201942|201988,1628382|1628385|1628412|1628963|203992,,,1610612759.0,21800197,False
2,PT08M33.00S,08:33,Q2 08:33,32.55,182,substitution,SUB in: D. Cunningham,[],Cunningham,38,33,,False,False,201967.0,,substitution,2pt made,,,,1628382|1628385|1628412|1628963|200746|201158|201942|201967|201988|203992,200746|201158|201942|201967|201988,1628382|1628385|1628412|1628963|203992,,,1610612759.0,21800197,True
2,PT08M19.00S,08:19,Q2 08:19,32.31666666666666,183,2pt,Aldridge 18' Jump Shot (6 PTS) (Mills 4 AST),[],Aldridge,38,35,Made,True,True,200746.0,201988.0,substitution,2pt made,,,,1628382|1628385|1628412|1628963|200746|201158|201942|201967|201988|203992,200746|201158|201942|201967|201988,1628382|1628385|1628412|1628963|203992,58.0,174.0,1610612759.0,21800197,True
2,PT08M06.00S,08:06,Q2 08:06,32.1,185,2pt,Bogdanovic 15' Fadeaway Jumper (9 PTS) (Mason 3 AST),[],Bogdanovic,40,35,Made,True,False,203992.0,,2pt made,2pt missed,,,,1628382|1628385|1628412|1628963|200746|201158|201942|201967|201988|203992,1628382|1628385|1628412|1628963|203992,200746|201158|201942|201967|201988,-12.0,147.0,1610612758.0,21800197,True
2,PT07M54.00S,07:54,Q2 07:54,31.9,187,2pt,MISS DeRozan 7' Floating Jump Shot,['pointsinthepaint'],DeRozan,40,35,Missed,True,False,201942.0,,2pt made,rebound,,,,1628382|1628385|1628412|1628963|200746|201158|201942|201967|201988|203992,200746|201158|201942|201967|201988,1628382|1628385|1628412|1628963|203992,-9.0,72.0,1610612759.0,21800197,True
2,PT07M51.00S,07:51,Q2 07:51,31.85,188,rebound,Aldridge REBOUND (Off:1 Def:5),[],Aldridge,40,35,,False,False,200746.0,,2pt missed,2pt missed,,,,1628382|1628385|1628412|1628963|200746|201158|201942|201967|201988|203992,200746|201158|201942|201967|201988,1628382|1628385|1628412|1628963|203992,,,1610612759.0,21800197,True
2,PT07M50.00S,07:50,Q2 07:50,31.833333333333332,189,2pt,MISS Aldridge 4' Hook Shot,['pointsinthepaint'],Aldridge,40,35,Missed,True,False,200746.0,,rebound,rebound,,,,1628382|1628385|1628412|1628963|200746|201158|201942|201967|201988|203992,200746|201158|201942|201967|201988,1628382|1628385|1628412|1628963|203992,-3.0,35.0,1610612759.0,21800197,True
2,PT07M48.00S,07:48,Q2 07:48,31.8,190,rebound,Giles III REBOUND (Off:1 Def:2),[],Giles III,40,35,,False,False,1628385.0,,2pt missed,foul,,,,1628382|1628385|1628412|1628963|200746|201158|201942|201967|201988|203992,1628382|1628385|1628412|1628963|203992,200746|201158|201942|201967|201988,,,1610612758.0,21800197,True
2,PT07M45.00S,07:45,Q2 07:45,31.75,191,foul,Belinelli P.FOUL (P1.T1) (C.Washington),[],Belinelli,40,35,,False,False,201158.0,,rebound,substitution,1628385.0,,,1628382|1628385|1628412|1628963|200746|201158|201942|201967|201988|203992,200746|201158|201942|201967|201988,1628382|1628385|1628412|1628963|203992,,,1610612759.0,21800197,True
2,PT07M45.00S,07:45,Q2 07:45,31.75,193,substitution,SUB out: P. Mills,[],Mills,40,35,,False,False,201988.0,,foul,substitution,,,,1628382|1628385|1628412|1628963|200746|201158|201942|201967|203992,200746|201158|201942|201967,1628382|1628385|1628412|1628963|203992,,,1610612759.0,21800197,False
2,PT07M45.00S,07:45,Q2 07:45,31.75,194,substitution,SUB in: D. White,[],White,40,35,,False,False,1628401.0,,substitution,2pt made,,,,1628382|1628385|1628401|1628412|1628963|200746|201158|201942|201967|203992,1628401|200746|201158|201942|201967,1628382|1628385|1628412|1628963|203992,,,1610612759.0,21800197,True
2,PT07M31.00S,07:31,Q2 07:31,31.516666666666666,195,2pt,Giles III 1' Alley Oop Dunk (8 PTS) (Bogdanovic 2 AST),['pointsinthepaint'],Giles III,42,35,Made,True,True,1628385.0,203992.0,substitution,2pt made,,,,1628382|1628385|1628401|1628412|1628963|200746|201158|201942|201967|203992,1628382|1628385|1628412|1628963|203992,1628401|200746|201158|201942|201967,13.0,7.0,1610612758.0,21800197,True
2,PT07M15.00S,07:15,Q2 07:15,31.25,197,2pt,DeRozan 10' Turnaround Fadeaway (7 PTS),['pointsinthepaint'],DeRozan,42,37,Made,True,False,201942.0,,2pt made,2pt missed,,,,1628382|1628385|1628401|1628412|1628963|200746|201158|201942|201967|203992,1628401|200746|201158|201942|201967,1628382|1628385|1628412|1628963|203992,-22.0,96.0,1610612759.0,21800197,True
2,PT07M03.00S,07:03,Q2 07:03,31.05,198,2pt,MISS Bogdanovic 9' Driving Floating Jump Shot,['pointsinthepaint'],Bogdanovic,42,37,Missed,True,False,203992.0,,2pt made,rebound,,,,1628382|1628385|1628401|1628412|1628963|200746|201158|201942|201967|203992,1628382|1628385|1628412|1628963|203992,1628401|200746|201158|201942|201967,-7.0,88.0,1610612758.0,21800197,True
2,PT07M03.00S,07:03,Q2 07:03,31.05,199,rebound,Aldridge REBOUND (Off:1 Def:6),[],Aldridge,42,37,,False,False,200746.0,,2pt missed,2pt made,,,,1628382|1628385|1628401|1628412|1628963|200746|201158|201942|201967|203992,1628401|200746|201158|201942|201967,1628382|1628385|1628412|1628963|203992,,,1610612759.0,21800197,True
2,PT06M52.00S,06:52,Q2 06:52,30.866666666666667,200,2pt,Aldridge 4' Driving Layup (8 PTS) (White 4 AST),['pointsinthepaint'],Aldridge,42,39,Made,True,True,200746.0,1628401.0,rebound,2pt made,,,,1628382|1628385|1628401|1628412|1628963|200746|201158|201942|201967|203992,1628401|200746|201158|201942|201967,1628382|1628385|1628412|1628963|203992,-35.0,5.0,1610612759.0,21800197,True
2,PT06M35.00S,06:35,Q2 06:35,30.583333333333332,202,2pt,Bogdanovic 12' Floating Jump Shot (11 PTS),['pointsinthepaint'],Bogdanovic,44,39,Made,True,False,203992.0,,2pt made,turnover,,,,1628382|1628385|1628401|1628412|1628963|200746|201158|201942|201967|203992,1628382|1628385|1628412|1628963|203992,1628401|200746|201158|201942|201967,-27.0,120.0,1610612758.0,21800197,True
2,PT06M20.00S,06:20,Q2 06:20,30.333333333333332,203,turnover,DeRozan Bad Pass Turnover (P1.T4),[],DeRozan,44,39,,False,False,201942.0,,2pt made,steal,,,,1628382|1628385|1628401|1628412|1628963|200746|201158|201942|201967|203992,1628401|200746|201158|201942|201967,1628382|1628385|1628412|1628963|203992,,,1610612759.0,21800197,True
2,PT06M20.00S,06:20,Q2 06:20,30.333333333333332,203,steal,Mason STEAL (1 STL),[],Mason III,44,39,,False,False,1628412.0,,turnover,2pt made,,1628412.0,,1628382|1628385|1628401|1628412|1628963|200746|201158|201942|201967|203992,1628382|1628385|1628412|1628963|203992,1628401|200746|201158|201942|201967,,,1610612758.0,21800197,True
2,PT06M13.00S,06:13,Q2 06:13,30.21666666666667,205,2pt,Mason 13' Turnaround Fadeaway (4 PTS),['pointsinthepaint'],Mason III,46,39,Made,True,False,1628412.0,,steal,timeout,,,,1628382|1628385|1628401|1628412|1628963|200746|201158|201942|201967|203992,1628382|1628385|1628412|1628963|203992,1628401|200746|201158|201942|201967,-29.0,125.0,1610612758.0,21800197,True
2,PT06M11.00S,06:11,Q2 06:11,30.183333333333334,206,timeout,Spurs Timeout: Regular (Reg.3 Short 0),[],,46,39,,False,False,0.0,,2pt made,substitution,,,,1628382|1628385|1628401|1628412|1628963|200746|201158|201942|201967|203992,1628401|200746|201158|201942|201967,1628382|1628385|1628412|1628963|203992,,,1610612759.0,21800197,True
2,PT06M11.00S,06:11,Q2 06:11,30.183333333333334,208,substitution,SUB out: H. Giles III,[],Giles III,46,39,,False,False,1628385.0,,timeout,substitution,,,,1628382|1628401|1628412|1628963|200746|201158|201942|201967|203992,1628382|1628412|1628963|203992,1628401|200746|201158|201942|201967,,,1610612758.0,21800197,False
2,PT06M11.00S,06:11,Q2 06:11,30.183333333333334,209,substitution,SUB out: M. Belinelli,[],Belinelli,46,39,,False,False,201158.0,,substitution,substitution,,,,1628382|1628401|1628412|1628963|200746|201942|201967|203992,1628401|200746|201942|201967,1628382|1628412|1628963|203992,,,1610612759.0,21800197,False
2,PT06M11.00S,06:11,Q2 06:11,30.183333333333334,210,substitution,SUB in: W. Cauley-Stein,[],Cauley-Stein,46,39,,False,False,1626161.0,,substitution,substitution,,,,1626161|1628382|1628401|1628412|1628963|200746|201942|201967|203992,1626161|1628382|1628412|1628963|203992,1628401|200746|201942|201967,,,1610612758.0,21800197,False
2,PT06M11.00S,06:11,Q2 06:11,30.183333333333334,211,substitution,SUB in: Q. Pondexter,[],Pondexter,46,39,,False,False,202347.0,,substitution,2pt missed,,,,1626161|1628382|1628401|1628412|1628963|200746|201942|201967|202347|203992,1628401|200746|201942|201967|202347,1626161|1628382|1628412|1628963|203992,,,1610612759.0,21800197,True
2,PT05M55.00S,05:55,Q2 05:55,29.916666666666668,212,2pt,MISS Aldridge 14' Fadeaway Jumper,[],Aldridge,46,39,Missed,True,False,200746.0,,substitution,rebound,,,,1626161|1628382|1628401|1628412|1628963|200746|201942|201967|202347|203992,1628401|200746|201942|201967|202347,1626161|1628382|1628412|1628963|203992,-135.0,13.0,1610612759.0,21800197,True
2,PT05M52.00S,05:52,Q2 05:52,29.866666666666667,213,rebound,Cunningham REBOUND (Off:2 Def:0),[],Cunningham,46,39,,False,False,201967.0,,2pt missed,3pt missed,,,,1626161|1628382|1628401|1628412|1628963|200746|201942|201967|202347|203992,1628401|200746|201942|201967|202347,1626161|1628382|1628412|1628963|203992,,,1610612759.0,21800197,True
2,PT05M49.00S,05:49,Q2 05:49,29.816666666666666,214,3pt,MISS Pondexter 3PT Jump Shot,[],Pondexter,46,39,Missed,True,False,202347.0,,rebound,rebound,,,,1626161|1628382|1628401|1628412|1628963|200746|201942|201967|202347|203992,1628401|200746|201942|201967|202347,1626161|1628382|1628412|1628963|203992,225.0,20.0,1610612759.0,21800197,True
2,PT05M47.00S,05:47,Q2 05:47,29.78333333333333,215,rebound,Cauley-Stein REBOUND (Off:0 Def:4),[],Cauley-Stein,46,39,,False,False,1626161.0,,3pt missed,2pt missed,,,,1626161|1628382|1628401|1628412|1628963|200746|201942|201967|202347|203992,1626161|1628382|1628412|1628963|203992,1628401|200746|201942|201967|202347,,,1610612758.0,21800197,True
2,PT05M32.00S,05:32,Q2 05:32,29.53333333333333,216,2pt,MISS Bagley III 8' Driving Hook Shot,['pointsinthepaint'],Bagley III,46,39,Missed,True,False,1628963.0,,rebound,rebound,,,,1626161|1628382|1628401|1628412|1628963|200746|201942|201967|202347|203992,1626161|1628382|1628412|1628963|203992,1628401|200746|201942|201967|202347,-14.0,75.0,1610612758.0,21800197,True
2,PT05M29.00S,05:29,Q2 05:29,29.483333333333334,217,rebound,DeRozan REBOUND (Off:0 Def:1),[],DeRozan,46,39,,False,False,201942.0,,2pt missed,3pt made,,,,1626161|1628382|1628401|1628412|1628963|200746|201942|201967|202347|203992,1628401|200746|201942|201967|202347,1626161|1628382|1628412|1628963|203992,,,1610612759.0,21800197,True
2,PT05M23.00S,05:23,Q2 05:23,29.383333333333333,218,3pt,White 26' 3PT Jump Shot (7 PTS) (Pondexter 1 AST),[],White,46,42,Made,True,True,1628401.0,202347.0,rebound,2pt made,,,,1626161|1628382|1628401|1628412|1628963|200746|201942|201967|202347|203992,1628401|200746|201942|201967|202347,1626161|1628382|1628412|1628963|203992,137.0,221.0,1610612759.0,21800197,True
2,PT05M16.00S,05:16,Q2 05:16,29.266666666666666,220,2pt,Bagley III 1' Alley Oop Dunk (2 PTS) (Mason 4 AST),['pointsinthepaint'],Bagley III,48,42,Made,True,False,1628963.0,,3pt made,2pt missed,,,,1626161|1628382|1628401|1628412|1628963|200746|201942|201967|202347|203992,1626161|1628382|1628412|1628963|203992,1628401|200746|201942|201967|202347,-7.0,13.0,1610612758.0,21800197,True
2,PT04M57.00S,04:57,Q2 04:57,28.95,222,2pt,MISS DeRozan 2' Driving Layup,['pointsinthepaint'],DeRozan,48,42,Missed,True,False,201942.0,,2pt made,rebound,,,,1626161|1628382|1628401|1628412|1628963|200746|201942|201967|202347|203992,1628401|200746|201942|201967|202347,1626161|1628382|1628412|1628963|203992,5.0,17.0,1610612759.0,21800197,True
2,PT04M54.00S,04:54,Q2 04:54,28.9,223,rebound,Jackson REBOUND (Off:0 Def:2),[],Jackson,48,42,,False,False,1628382.0,,2pt missed,turnover,,,,1626161|1628382|1628401|1628412|1628963|200746|201942|201967|202347|203992,1626161|1628382|1628412|1628963|203992,1628401|200746|201942|201967|202347,,,1610612758.0,21800197,True
2,PT04M42.00S,04:42,Q2 04:42,28.7,224,turnover,Bogdanovic Bad Pass Turnover (P1.T7),[],Bogdanovic,48,42,,False,False,203992.0,,rebound,steal,,,,1626161|1628382|1628401|1628412|1628963|200746|201942|201967|202347|203992,1626161|1628382|1628412|1628963|203992,1628401|200746|201942|201967|202347,,,1610612758.0,21800197,True
2,PT04M42.00S,04:42,Q2 04:42,28.7,224,steal,Cunningham STEAL (1 STL),[],Cunningham,48,42,,False,False,201967.0,,turnover,2pt missed,,201967.0,,1626161|1628382|1628401|1628412|1628963|200746|201942|201967|202347|203992,1628401|200746|201942|201967|202347,1626161|1628382|1628412|1628963|203992,,,1610612759.0,21800197,True
2,PT04M38.00S,04:38,Q2 04:38,28.633333333333333,226,2pt,MISS Pondexter 2' Running Layup,['pointsinthepaint'],Pondexter,48,42,Missed,True,False,202347.0,,steal,block,,,,1626161|1628382|1628401|1628412|1628963|200746|201942|201967|202347|203992,1628401|200746|201942|201967|202347,1626161|1628382|1628412|1628963|203992,20.0,4.0,1610612759.0,21800197,True
2,PT04M38.00S,04:38,Q2 04:38,28.633333333333333,226,block,Mason BLOCK (1 BLK),[],Mason III,48,42,,False,False,1628412.0,,2pt missed,rebound,,,1628412.0,1626161|1628382|1628401|1628412|1628963|200746|201942|201967|202347|203992,1626161|1628382|1628412|1628963|203992,1628401|200746|201942|201967|202347,,,1610612758.0,21800197,True
2,PT04M38.00S,04:38,Q2 04:38,28.633333333333333,228,rebound,TEAM offensive REBOUND,['team'],,48,42,,False,False,0.0,,block,substitution,,,,1626161|1628382|1628401|1628412|1628963|200746|201942|201967|202347|203992,1628401|200746|201942|201967|202347,1626161|1628382|1628412|1628963|203992,,,1610612759.0,21800197,True
2,PT04M38.00S,04:38,Q2 04:38,28.633333333333333,230,substitution,SUB out: F. Mason III,[],Mason III,48,42,,False,False,1628412.0,,rebound,substitution,,,,1626161|1628382|1628401|1628963|200746|201942|201967|202347|203992,1626161|1628382|1628963|203992,1628401|200746|201942|201967|202347,,,1610612758.0,21800197,False
2,PT04M38.00S,04:38,Q2 04:38,28.633333333333333,231,substitution,SUB out: M. Bagley III,[],Bagley III,48,42,,False,False,1628963.0,,substitution,substitution,,,,1626161|1628382|1628401|200746|201942|201967|202347|203992,1626161|1628382|203992,1628401|200746|201942|201967|202347,,,1610612758.0,21800197,False
2,PT04M38.00S,04:38,Q2 04:38,28.633333333333333,232,substitution,SUB in: N. Bjelica,[],Bjelica,48,42,,False,False,202357.0,,substitution,substitution,,,,1626161|1628382|1628401|200746|201942|201967|202347|202357|203992,1626161|1628382|202357|203992,1628401|200746|201942|201967|202347,,,1610612758.0,21800197,False
2,PT04M38.00S,04:38,Q2 04:38,28.633333333333333,233,substitution,SUB in: D. Fox,[],Fox,48,42,,False,False,1628368.0,,substitution,2pt made,,,,1626161|1628368|1628382|1628401|200746|201942|201967|202347|202357|203992,1626161|1628368|1628382|202357|203992,1628401|200746|201942|201967|202347,,,1610612758.0,21800197,True
2,PT04M22.00S,04:22,Q2 04:22,28.366666666666667,234,2pt,Cunningham 4' Layup (2 PTS) (DeRozan 3 AST),['pointsinthepaint'],Cunningham,48,44,Made,True,True,201967.0,201942.0,substitution,substitution,,,,1626161|1628368|1628382|1628401|200746|201942|201967|202347|202357|203992,1628401|200746|201942|201967|202347,1626161|1628368|1628382|202357|203992,-13.0,43.0,1610612759.0,21800197,True
2,PT04M04.00S,04:04,Q2 04:04,28.066666666666666,237,substitution,SUB out: B. Bogdanovic,[],Bogdanovic,48,44,,False,False,203992.0,,2pt made,substitution,,,,1626161|1628368|1628382|1628401|200746|201942|201967|202347|202357,1626161|1628368|1628382|202357,1628401|200746|201942|201967|202347,,,1610612758.0,21800197,False
2,PT04M04.00S,04:04,Q2 04:04,28.066666666666666,238,substitution,SUB out: Q. Pondexter,[],Pondexter,48,44,,False,False,202347.0,,substitution,substitution,,,,1626161|1628368|1628382|1628401|200746|201942|201967|202357,1628401|200746|201942|201967,1626161|1628368|1628382|202357,,,1610612759.0,21800197,False
2,PT04M04.00S,04:04,Q2 04:04,28.066666666666666,239,substitution,SUB in: B. Hield,[],Hield,48,44,,False,False,1627741.0,,substitution,substitution,,,,1626161|1627741|1628368|1628382|1628401|200746|201942|201967|202357,1626161|1627741|1628368|1628382|202357,1628401|200746|201942|201967,,,1610612758.0,21800197,False
2,PT04M04.00S,04:04,Q2 04:04,28.066666666666666,240,substitution,SUB in: R. Gay,[],Gay,48,44,,False,False,200752.0,,substitution,3pt made,,,,1626161|1627741|1628368|1628382|1628401|200746|200752|201942|201967|202357,1628401|200746|200752|201942|201967,1626161|1627741|1628368|1628382|202357,,,1610612759.0,21800197,True
2,PT04M00.00S,04:00,Q2 04:00,28.0,241,3pt,Fox 24' 3PT Jump Shot (8 PTS) (Jackson 1 AST),[],Fox,51,44,Made,True,True,1628368.0,1628382.0,substitution,2pt missed,,,,1626161|1627741|1628368|1628382|1628401|200746|200752|201942|201967|202357,1626161|1627741|1628368|1628382|202357,1628401|200746|200752|201942|201967,232.0,52.0,1610612758.0,21800197,True
2,PT03M35.00S,03:35,Q2 03:35,27.583333333333332,243,2pt,MISS Cunningham 10' Jump Shot,['pointsinthepaint'],Cunningham,51,44,Missed,True,False,201967.0,,3pt made,rebound,,,,1626161|1627741|1628368|1628382|1628401|200746|200752|201942|201967|202357,1628401|200746|200752|201942|201967,1626161|1627741|1628368|1628382|202357,-27.0,93.0,1610612759.0,21800197,True
2,PT03M32.00S,03:32,Q2 03:32,27.53333333333333,244,rebound,Jackson REBOUND (Off:0 Def:3),[],Jackson,51,44,,False,False,1628382.0,,2pt missed,2pt missed,,,,1626161|1627741|1628368|1628382|1628401|200746|200752|201942|201967|202357,1626161|1627741|1628368|1628382|202357,1628401|200746|200752|201942|201967,,,1610612758.0,21800197,True
2,PT03M25.00S,03:25,Q2 03:25,27.416666666666668,245,2pt,MISS Hield 20' Jump Shot,[],Hield,51,44,Missed,True,False,1627741.0,,rebound,rebound,,,,1626161|1627741|1628368|1628382|1628401|200746|200752|201942|201967|202357,1626161|1627741|1628368|1628382|202357,1628401|200746|200752|201942|201967,38.0,194.0,1610612758.0,21800197,True
2,PT03M22.00S,03:22,Q2 03:22,27.366666666666667,246,rebound,Aldridge REBOUND (Off:1 Def:7),[],Aldridge,51,44,,False,False,200746.0,,2pt missed,2pt missed,,,,1626161|1627741|1628368|1628382|1628401|200746|200752|201942|201967|202357,1628401|200746|200752|201942|201967,1626161|1627741|1628368|1628382|202357,,,1610612759.0,21800197,True
2,PT03M13.00S,03:13,Q2 03:13,27.21666666666667,247,2pt,MISS Cunningham 4' Layup,['pointsinthepaint'],Cunningham,51,44,Missed,True,False,201967.0,,rebound,rebound,,,,1626161|1627741|1628368|1628382|1628401|200746|200752|201942|201967|202357,1628401|200746|200752|201942|201967,1626161|1627741|1628368|1628382|202357,2.0,36.0,1610612759.0,21800197,True
2,PT03M12.00S,03:12,Q2 03:12,27.2,248,rebound,Cunningham REBOUND (Off:3 Def:0),[],Cunningham,51,44,,False,False,201967.0,,2pt missed,2pt made,,,,1626161|1627741|1628368|1628382|1628401|200746|200752|201942|201967|202357,1628401|200746|200752|201942|201967,1626161|1627741|1628368|1628382|202357,,,1610612759.0,21800197,True
2,PT03M11.00S,03:11,Q2 03:11,27.183333333333334,249,2pt,Cunningham 3' Putback Layup (4 PTS),['pointsinthepaint'],Cunningham,51,46,Made,True,False,201967.0,,rebound,2pt missed,,,,1626161|1627741|1628368|1628382|1628401|200746|200752|201942|201967|202357,1628401|200746|200752|201942|201967,1626161|1627741|1628368|1628382|202357,-19.0,18.0,1610612759.0,21800197,True
2,PT02M57.00S,02:57,Q2 02:57,26.95,250,2pt,MISS Cauley-Stein 3' Driving Reverse Layup,['pointsinthepaint'],Cauley-Stein,51,46,Missed,True,False,1626161.0,,2pt made,rebound,,,,1626161|1627741|1628368|1628382|1628401|200746|200752|201942|201967|202357,1626161|1627741|1628368|1628382|202357,1628401|200746|200752|201942|201967,22.0,15.0,1610612758.0,21800197,True
2,PT02M55.00S,02:55,Q2 02:55,26.916666666666668,251,rebound,Aldridge REBOUND (Off:1 Def:8),[],Aldridge,51,46,,False,False,200746.0,,2pt missed,2pt made,,,,1626161|1627741|1628368|1628382|1628401|200746|200752|201942|201967|202357,1628401|200746|200752|201942|201967,1626161|1627741|1628368|1628382|202357,,,1610612759.0,21800197,True
2,PT02M51.00S,02:51,Q2 02:51,26.85,252,2pt,Cunningham 2' Driving Reverse Layup (6 PTS) (White 5 AST),['pointsinthepaint'],Cunningham,51,48,Made,True,True,201967.0,1628401.0,rebound,timeout,,,,1626161|1627741|1628368|1628382|1628401|200746|200752|201942|201967|202357,1628401|200746|200752|201942|201967,1626161|1627741|1628368|1628382|202357,17.0,5.0,1610612759.0,21800197,True
2,PT02M51.00S,02:51,Q2 02:51,26.85,254,timeout,KINGS Timeout: Regular (Full 2 Short 0),[],,51,48,,False,False,0.0,,2pt made,substitution,,,,1626161|1627741|1628368|1628382|1628401|200746|200752|201942|201967|202357,1626161|1627741|1628368|1628382|202357,1628401|200746|200752|201942|201967,,,1610612758.0,21800197,True
2,PT02M51.00S,02:51,Q2 02:51,26.85,255,substitution,SUB out: J. Jackson,[],Jackson,51,48,,False,False,1628382.0,,timeout,substitution,,,,1626161|1627741|1628368|1628401|200746|200752|201942|201967|202357,1626161|1627741|1628368|202357,1628401|200746|200752|201942|201967,,,1610612758.0,21800197,False
2,PT02M51.00S,02:51,Q2 02:51,26.85,256,substitution,SUB out: D. White,[],White,51,48,,False,False,1628401.0,,substitution,substitution,,,,1626161|1627741|1628368|200746|200752|201942|201967|202357,200746|200752|201942|201967,1626161|1627741|1628368|202357,,,1610612759.0,21800197,False
2,PT02M51.00S,02:51,Q2 02:51,26.85,257,substitution,SUB in: I. Shumpert,[],Shumpert,51,48,,False,False,202697.0,,substitution,substitution,,,,1626161|1627741|1628368|200746|200752|201942|201967|202357|202697,1626161|1627741|1628368|202357|202697,200746|200752|201942|201967,,,1610612758.0,21800197,False
2,PT02M51.00S,02:51,Q2 02:51,26.85,258,substitution,SUB in: P. Mills,[],Mills,51,48,,False,False,201988.0,,substitution,2pt missed,,,,1626161|1627741|1628368|200746|200752|201942|201967|201988|202357|202697,200746|200752|201942|201967|201988,1626161|1627741|1628368|202357|202697,,,1610612759.0,21800197,True
2,PT02M37.00S,02:37,Q2 02:37,26.616666666666667,259,2pt,MISS Hield 17' Jump Shot,[],Hield,51,48,Missed,True,False,1627741.0,,substitution,rebound,,,,1626161|1627741|1628368|200746|200752|201942|201967|201988|202357|202697,1626161|1627741|1628368|202357|202697,200746|200752|201942|201967|201988,36.0,169.0,1610612758.0,21800197,True
2,PT02M32.00S,02:32,Q2 02:32,26.53333333333333,260,rebound,Cunningham REBOUND (Off:3 Def:1),[],Cunningham,51,48,,False,False,201967.0,,2pt missed,3pt made,,,,1626161|1627741|1628368|200746|200752|201942|201967|201988|202357|202697,200746|200752|201942|201967|201988,1626161|1627741|1628368|202357|202697,,,1610612759.0,21800197,True
2,PT02M24.00S,02:24,Q2 02:24,26.4,261,3pt,Cunningham 26' 3PT Jump Shot (9 PTS) (DeRozan 4 AST),[],Cunningham,51,51,Made,True,True,201967.0,201942.0,rebound,2pt missed,,,,1626161|1627741|1628368|200746|200752|201942|201967|201988|202357|202697,200746|200752|201942|201967|201988,1626161|1627741|1628368|202357|202697,172.0,194.0,1610612759.0,21800197,True
2,PT02M09.00S,02:09,Q2 02:09,26.15,263,2pt,MISS Cauley-Stein 18' Jump Shot,[],Cauley-Stein,51,51,Missed,True,False,1626161.0,,3pt made,rebound,,,,1626161|1627741|1628368|200746|200752|201942|201967|201988|202357|202697,1626161|1627741|1628368|202357|202697,200746|200752|201942|201967|201988,98.0,151.0,1610612758.0,21800197,True
2,PT02M05.00S,02:05,Q2 02:05,26.083333333333332,264,rebound,Gay REBOUND (Off:2 Def:1),[],Gay,51,51,,False,False,200752.0,,2pt missed,2pt made,,,,1626161|1627741|1628368|200746|200752|201942|201967|201988|202357|202697,200746|200752|201942|201967|201988,1626161|1627741|1628368|202357|202697,,,1610612759.0,21800197,True
2,PT01M59.00S,01:59,Q2 01:59,25.983333333333334,265,2pt,Gay 10' Turnaround Jump Shot (10 PTS),['pointsinthepaint'],Gay,51,53,Made,True,False,200752.0,,rebound,foul,,,,1626161|1627741|1628368|200746|200752|201942|201967|201988|202357|202697,200746|200752|201942|201967|201988,1626161|1627741|1628368|202357|202697,17.0,100.0,1610612759.0,21800197,True
2,PT01M44.00S,01:44,Q2 01:44,25.733333333333334,266,foul,Aldridge S.FOUL (P1.T2) (C.Washington),[],Aldridge,51,53,,False,False,200746.0,,2pt made,freethrow,1626161.0,,,1626161|1627741|1628368|200746|200752|201942|201967|201988|202357|202697,200746|200752|201942|201967|201988,1626161|1627741|1628368|202357|202697,,,1610612759.0,21800197,True
2,PT01M44.00S,01:44,Q2 01:44,25.733333333333334,268,freethrow,Cauley-Stein Free Throw 1 of 2 (9 PTS),[],Cauley-Stein,52,53,Made,False,False,1626161.0,,foul,freethrow,,,,1626161|1627741|1628368|200746|200752|201942|201967|201988|202357|202697,1626161|1627741|1628368|202357|202697,200746|200752|201942|201967|201988,,,1610612758.0,21800197,True
2,PT01M44.00S,01:44,Q2 01:44,25.733333333333334,269,freethrow,MISS Cauley-Stein Free Throw 2 of 2,[],Cauley-Stein,52,53,Missed,False,False,1626161.0,,freethrow,rebound,,,,1626161|1627741|1628368|200746|200752|201942|201967|201988|202357|202697,1626161|1627741|1628368|202357|202697,200746|200752|201942|201967|201988,,,1610612758.0,21800197,True
2,PT01M41.00S,01:41,Q2 01:41,25.683333333333334,270,rebound,Mills REBOUND (Off:0 Def:2),[],Mills,52,53,,False,False,201988.0,,freethrow,3pt missed,,,,1626161|1627741|1628368|200746|200752|201942|201967|201988|202357|202697,200746|200752|201942|201967|201988,1626161|1627741|1628368|202357|202697,,,1610612759.0,21800197,True
2,PT01M24.00S,01:24,Q2 01:24,25.4,272,3pt,MISS Mills 25' 3PT Jump Shot,[],Mills,52,53,Missed,True,False,201988.0,,rebound,rebound,,,,1626161|1627741|1628368|200746|200752|201942|201967|201988|202357|202697,200746|200752|201942|201967|201988,1626161|1627741|1628368|202357|202697,182.0,177.0,1610612759.0,21800197,True
2,PT01M18.00S,01:18,Q2 01:18,25.3,273,rebound,Cauley-Stein REBOUND (Off:0 Def:5),[],Cauley-Stein,52,53,,False,False,1626161.0,,3pt missed,2pt made,,,,1626161|1627741|1628368|200746|200752|201942|201967|201988|202357|202697,1626161|1627741|1628368|202357|202697,200746|200752|201942|201967|201988,,,1610612758.0,21800197,True
2,PT01M13.00S,01:13,Q2 01:13,25.21666666666667,274,2pt,Fox 16' Jump Shot (10 PTS),[],Fox,54,53,Made,True,False,1628368.0,,rebound,2pt made,,,,1626161|1627741|1628368|200746|200752|201942|201967|201988|202357|202697,1626161|1627741|1628368|202357|202697,200746|200752|201942|201967|201988,19.0,154.0,1610612758.0,21800197,True
2,PT00M57.60S,00:57,Q2 00:57,24.96,275,2pt,Mills 2' Driving Layup (5 PTS) (DeRozan 5 AST),['pointsinthepaint'],Mills,54,55,Made,True,True,201988.0,201942.0,2pt made,foul,,,,1626161|1627741|1628368|200746|200752|201942|201967|201988|202357|202697,200746|200752|201942|201967|201988,1626161|1627741|1628368|202357|202697,-21.0,0.0,1610612759.0,21800197,True
2,PT00M53.50S,00:53,Q2 00:53,24.891666666666666,277,foul,Cunningham P.FOUL (P1.PN) (C.Washington),[],Cunningham,54,55,,False,False,201967.0,,2pt made,freethrow,1628368.0,,,1626161|1627741|1628368|200746|200752|201942|201967|201988|202357|202697,200746|200752|201942|201967|201988,1626161|1627741|1628368|202357|202697,,,1610612759.0,21800197,True
2,PT00M53.50S,00:53,Q2 00:53,24.891666666666666,279,freethrow,Fox Free Throw 1 of 2 (11 PTS),[],Fox,55,55,Made,False,False,1628368.0,,foul,freethrow,,,,1626161|1627741|1628368|200746|200752|201942|201967|201988|202357|202697,1626161|1627741|1628368|202357|202697,200746|200752|201942|201967|201988,,,1610612758.0,21800197,True
2,PT00M53.50S,00:53,Q2 00:53,24.891666666666666,280,freethrow,Fox Free Throw 2 of 2 (12 PTS),[],Fox,56,55,Made,False,False,1628368.0,,freethrow,turnover,,,,1626161|1627741|1628368|200746|200752|201942|201967|201988|202357|202697,1626161|1627741|1628368|202357|202697,200746|200752|201942|201967|201988,,,1610612758.0,21800197,True
2,PT00M35.30S,00:35,Q2 00:35,24.588333333333335,281,turnover,DeRozan Out of Bounds Lost Ball Turnover (P2.T5),[],DeRozan,56,55,,False,False,201942.0,,freethrow,foul,,,,1626161|1627741|1628368|200746|200752|201942|201967|201988|202357|202697,200746|200752|201942|201967|201988,1626161|1627741|1628368|202357|202697,,,1610612759.0,21800197,True
2,PT00M25.60S,00:25,Q2 00:25,24.426666666666666,282,foul,Cunningham P.FOUL (P2.PN) (M.Lindsay),['inpenalty'],Cunningham,56,55,,False,False,201967.0,,turnover,freethrow,1627741.0,,,1626161|1627741|1628368|200746|200752|201942|201967|201988|202357|202697,200746|200752|201942|201967|201988,1626161|1627741|1628368|202357|202697,,,1610612759.0,21800197,True
2,PT00M25.60S,00:25,Q2 00:25,24.426666666666666,284,freethrow,MISS Hield Free Throw 1 of 2,[],Hield,56,55,Missed,False,False,1627741.0,,foul,rebound,,,,1626161|1627741|1628368|200746|200752|201942|201967|201988|202357|202697,1626161|1627741|1628368|202357|202697,200746|200752|201942|201967|201988,,,1610612758.0,21800197,True
2,PT00M25.60S,00:25,Q2 00:25,24.426666666666666,285,rebound,TEAM offensive REBOUND,['team'],,56,55,,False,False,0.0,,freethrow,freethrow,,,,1626161|1627741|1628368|200746|200752|201942|201967|201988|202357|202697,1626161|1627741|1628368|202357|202697,200746|200752|201942|201967|201988,,,1610612758.0,21800197,True
2,PT00M25.60S,00:25,Q2 00:25,24.426666666666666,286,freethrow,MISS Hield Free Throw 2 of 2,['2ndchance'],Hield,56,55,Missed,False,False,1627741.0,,rebound,rebound,,,,1626161|1627741|1628368|200746|200752|201942|201967|201988|202357|202697,1626161|1627741|1628368|202357|202697,200746|200752|201942|201967|201988,,,1610612758.0,21800197,True
2,PT00M23.40S,00:23,Q2 00:23,24.39,287,rebound,Aldridge REBOUND (Off:1 Def:9),[],Aldridge,56,55,,False,False,200746.0,,freethrow,2pt missed,,,,1626161|1627741|1628368|200746|200752|201942|201967|201988|202357|202697,200746|200752|201942|201967|201988,1626161|1627741|1628368|202357|202697,,,1610612759.0,21800197,True
2,PT00M03.90S,00:03,Q2 00:03,24.065,288,2pt,MISS DeRozan 12' Fadeaway Jumper,['pointsinthepaint'],DeRozan,56,55,Missed,True,False,201942.0,,rebound,rebound,,,,1626161|1627741|1628368|200746|200752|201942|201967|201988|202357|202697,200746|200752|201942|201967|201988,1626161|1627741|1628368|202357|202697,32.0,117.0,1610612759.0,21800197,True
2,PT00M00.10S,00:00,Q2 00:00,24.001666666666665,289,rebound,Cauley-Stein REBOUND (Off:0 Def:6),[],Cauley-Stein,56,55,,False,False,1626161.0,,2pt missed,period,,,,1626161|1627741|1628368|200746|200752|201942|201967|201988|202357|202697,1626161|1627741|1628368|202357|202697,200746|200752|201942|201967|201988,,,1610612758.0,21800197,True
2,PT00M00.00S,00:00,Q2 00:00,24.0,290,period,End of 2nd Period (11:00 PM EST),[],,56,55,,False,False,0.0,,rebound,period,,,,1626161|1627741|1628368|200746|200752|201942|201967|201988|202357|202697,1626161|1627741|1628368|202357|202697,200746|200752|201942|201967|201988,,,1610612758.0,21800197,True
3,PT12M00.00S,12:00,Q3 12:00,24.0,295,period,Start of 3rd Period (11:15 PM EST),[],,56,55,,False,False,0.0,,period,substitution,,,,1626161|1627741|1628368|200746|200752|201942|201967|201988|202357|202697,1626161|1627741|1628368|202357|202697,200746|200752|201942|201967|201988,,,1610612758.0,21800197,True
3,PT11M45.00S,11:45,Q3 11:45,23.75,297,foul,Hield P.FOUL (P1.T1) (M.Lindsay),[],Hield,56,55,,False,False,1627741.0,,substitution,2pt made,201942.0,,,1626161|1627741|1627854|1628368|1628401|200746|201942|201967|202357|202697,1626161|1627741|1628368|202357|202697,1627854|1628401|200746|201942|201967,,,1610612758.0,21800197,True
3,PT11M40.00S,11:40,Q3 11:40,23.666666666666664,299,2pt,DeRozan 15' Pullup Jump Shot (9 PTS),[],DeRozan,56,57,Made,True,False,201942.0,,foul,2pt missed,,,,1626161|1627741|1627854|1628368|1628401|200746|201942|201967|202357|202697,1627854|1628401|200746|201942|201967,1626161|1627741|1628368|202357|202697,147.0,32.0,1610612759.0,21800197,True
3,PT11M18.00S,11:18,Q3 11:18,23.3,300,2pt,MISS Cauley-Stein 3' Hook Shot,['pointsinthepaint'],Cauley-Stein,56,57,Missed,True,False,1626161.0,,2pt made,rebound,,,,1626161|1627741|1627854|1628368|1628401|200746|201942|201967|202357|202697,1626161|1627741|1628368|202357|202697,1627854|1628401|200746|201942|201967,19.0,29.0,1610612758.0,21800197,True
3,PT11M14.00S,11:14,Q3 11:14,23.233333333333334,301,rebound,Aldridge REBOUND (Off:1 Def:10),[],Aldridge,56,57,,False,False,200746.0,,2pt missed,3pt missed,,,,1626161|1627741|1627854|1628368|1628401|200746|201942|201967|202357|202697,1627854|1628401|200746|201942|201967,1626161|1627741|1628368|202357|202697,,,1610612759.0,21800197,True
3,PT11M11.00S,11:11,Q3 11:11,23.183333333333334,302,3pt,MISS Forbes 25' 3PT Jump Shot,[],Forbes,56,57,Missed,True,False,1627854.0,,rebound,rebound,,,,1626161|1627741|1627854|1628368|1628401|200746|201942|201967|202357|202697,1627854|1628401|200746|201942|201967,1626161|1627741|1628368|202357|202697,161.0,193.0,1610612759.0,21800197,True
3,PT11M07.00S,11:07,Q3 11:07,23.116666666666667,303,rebound,Cauley-Stein REBOUND (Off:0 Def:7),[],Cauley-Stein,56,57,,False,False,1626161.0,,3pt missed,3pt made,,,,1626161|1627741|1627854|1628368|1628401|200746|201942|201967|202357|202697,1626161|1627741|1628368|202357|202697,1627854|1628401|200746|201942|201967,,,1610612758.0,21800197,True
3,PT11M03.00S,11:03,Q3 11:03,23.05,304,3pt,Bjelica 26' 3PT Jump Shot (3 PTS) (Shumpert 2 AST),[],Bjelica,59,57,Made,True,True,202357.0,202697.0,rebound,turnover,,,,1626161|1627741|1627854|1628368|1628401|200746|201942|201967|202357|202697,1626161|1627741|1628368|202357|202697,1627854|1628401|200746|201942|201967,-97.0,245.0,1610612758.0,21800197,True
3,PT10M44.00S,10:44,Q3 10:44,22.733333333333334,306,turnover,Aldridge Bad Pass Turnover (P2.T6),[],Aldridge,59,57,,False,False,200746.0,,3pt made,steal,,,,1626161|1627741|1627854|1628368|1628401|200746|201942|201967|202357|202697,1627854|1628401|200746|201942|201967,1626161|1627741|1628368|202357|202697,,,1610612759.0,21800197,True
3,PT10M44.00S,10:44,Q3 10:44,22.733333333333334,306,steal,Shumpert STEAL (2 STL),[],Shumpert,59,57,,False,False,202697.0,,turnover,foul,,202697.0,,1626161|1627741|1627854|1628368|1628401|200746|201942|201967|202357|202697,1626161|1627741|1628368|202357|202697,1627854|1628401|200746|201942|201967,,,1610612758.0,21800197,True
3,PT10M34.00S,10:34,Q3 10:34,22.566666666666666,308,foul,Forbes S.FOUL (P1.T1) (C.Washington),[],Forbes,59,57,,False,False,1627854.0,,steal,freethrow,1627741.0,,,1626161|1627741|1627854|1628368|1628401|200746|201942|201967|202357|202697,1627854|1628401|200746|201942|201967,1626161|1627741|1628368|202357|202697,,,1610612759.0,21800197,True
3,PT10M34.00S,10:34,Q3 10:34,22.566666666666666,310,freethrow,Hield Free Throw 1 of 2 (11 PTS),[],Hield,60,57,Made,False,False,1627741.0,,foul,freethrow,,,,1626161|1627741|1627854|1628368|1628401|200746|201942|201967|202357|202697,1626161|1627741|1628368|202357|202697,1627854|1628401|200746|201942|201967,,,1610612758.0,21800197,True
3,PT10M34.00S,10:34,Q3 10:34,22.566666666666666,311,freethrow,Hield Free Throw 2 of 2 (12 PTS),[],Hield,61,57,Made,False,False,1627741.0,,freethrow,3pt missed,,,,1626161|1627741|1627854|1628368|1628401|200746|201942|201967|202357|202697,1626161|1627741|1628368|202357|202697,1627854|1628401|200746|201942|201967,,,1610612758.0,21800197,True
3,PT10M12.00S,10:12,Q3 10:12,22.2,312,3pt,MISS DeRozan 3PT Jump Shot,[],DeRozan,61,57,Missed,True,False,201942.0,,freethrow,rebound,,,,1626161|1627741|1627854|1628368|1628401|200746|201942|201967|202357|202697,1627854|1628401|200746|201942|201967,1626161|1627741|1628368|202357|202697,-226.0,42.0,1610612759.0,21800197,True
3,PT10M07.00S,10:07,Q3 10:07,22.116666666666667,313,rebound,Cunningham REBOUND (Off:4 Def:1),[],Cunningham,61,57,,False,False,201967.0,,3pt missed,2pt missed,,,,1626161|1627741|1627854|1628368|1628401|200746|201942|201967|202357|202697,1627854|1628401|200746|201942|201967,1626161|1627741|1628368|202357|202697,,,1610612759.0,21800197,True
3,PT10M07.00S,10:07,Q3 10:07,22.116666666666667,314,2pt,MISS Cunningham 1' Tip Layup Shot,['pointsinthepaint'],Cunningham,61,57,Missed,True,False,201967.0,,rebound,rebound,,,,1626161|1627741|1627854|1628368|1628401|200746|201942|201967|202357|202697,1627854|1628401|200746|201942|201967,1626161|1627741|1628368|202357|202697,0.0,-6.0,1610612759.0,21800197,True
3,PT10M05.00S,10:05,Q3 10:05,22.083333333333336,315,rebound,Aldridge REBOUND (Off:2 Def:10),[],Aldridge,61,57,,False,False,200746.0,,2pt missed,foul,,,,1626161|1627741|1627854|1628368|1628401|200746|201942|201967|202357|202697,1627854|1628401|200746|201942|201967,1626161|1627741|1628368|202357|202697,,,1610612759.0,21800197,True
3,PT10M03.00S,10:03,Q3 10:03,22.05,316,foul,Cauley-Stein P.FOUL (P1.T2) (J.Phillips),[],Cauley-Stein,61,57,,False,False,1626161.0,,rebound,2pt made,200746.0,,,1626161|1627741|1627854|1628368|1628401|200746|201942|201967|202357|202697,1626161|1627741|1628368|202357|202697,1627854|1628401|200746|201942|201967,,,1610612758.0,21800197,True
3,PT09M54.00S,09:54,Q3 09:54,21.9,318,2pt,Aldridge 20' Jump Shot (10 PTS) (DeRozan 6 AST),[],Aldridge,61,59,Made,True,True,200746.0,201942.0,foul,foul,,,,1626161|1627741|1627854|1628368|1628401|200746|201942|201967|202357|202697,1627854|1628401|200746|201942|201967,1626161|1627741|1628368|202357|202697,40.0,196.0,1610612759.0,21800197,True
3,PT09M46.00S,09:46,Q3 09:46,21.766666666666666,320,foul,Forbes S.FOUL (P2.T2) (C.Washington),[],Forbes,61,59,,False,False,1627854.0,,2pt made,freethrow,1628368.0,,,1626161|1627741|1627854|1628368|1628401|200746|201942|201967|202357|202697,1627854|1628401|200746|201942|201967,1626161|1627741|1628368|202357|202697,,,1610612759.0,21800197,True
3,PT09M46.00S,09:46,Q3 09:46,21.766666666666666,322,freethrow,MISS Fox Free Throw 1 of 2,[],Fox,61,59,Missed,False,False,1628368.0,,foul,rebound,,,,1626161|1627741|1627854|1628368|1628401|200746|201942|201967|202357|202697,1626161|1627741|1628368|202357|202697,1627854|1628401|200746|201942|201967,,,1610612758.0,21800197,True
3,PT09M46.00S,09:46,Q3 09:46,21.766666666666666,323,rebound,TEAM offensive REBOUND,['team'],,61,59,,False,False,0.0,,freethrow,freethrow,,,,1626161|1627741|1627854|1628368|1628401|200746|201942|201967|202357|202697,1626161|1627741|1628368|202357|202697,1627854|1628401|200746|201942|201967,,,1610612758.0,21800197,True
3,PT09M46.00S,09:46,Q3 09:46,21.766666666666666,324,freethrow,MISS Fox Free Throw 2 of 2,['2ndchance'],Fox,61,59,Missed,False,False,1628368.0,,rebound,rebound,,,,1626161|1627741|1627854|1628368|1628401|200746|201942|201967|202357|202697,1626161|1627741|1628368|202357|202697,1627854|1628401|200746|201942|201967,,,1610612758.0,21800197,True
3,PT09M44.00S,09:44,Q3 09:44,21.733333333333334,325,rebound,Aldridge REBOUND (Off:2 Def:11),[],Aldridge,61,59,,False,False,200746.0,,freethrow,2pt made,,,,1626161|1627741|1627854|1628368|1628401|200746|201942|201967|202357|202697,1627854|1628401|200746|201942|201967,1626161|1627741|1628368|202357|202697,,,1610612759.0,21800197,True
3,PT09M27.00S,09:27,Q3 09:27,21.45,326,2pt,DeRozan 3' Driving Layup (11 PTS),['pointsinthepaint'],DeRozan,61,61,Made,True,False,201942.0,,rebound,foul,,,,1626161|1627741|1627854|1628368|1628401|200746|201942|201967|202357|202697,1627854|1628401|200746|201942|201967,1626161|1627741|1628368|202357|202697,14.0,25.0,1610612759.0,21800197,True
3,PT09M27.00S,09:27,Q3 09:27,21.45,327,foul,Shumpert S.FOUL (P2.T3) (C.Washington),[],Shumpert,61,61,,False,False,202697.0,,2pt made,freethrow,201942.0,,,1626161|1627741|1627854|1628368|1628401|200746|201942|201967|202357|202697,1626161|1627741|1628368|202357|202697,1627854|1628401|200746|201942|201967,,,1610612758.0,21800197,True
3,PT09M27.00S,09:27,Q3 09:27,21.45,329,freethrow,DeRozan Free Throw 1 of 1 (12 PTS),[],DeRozan,61,62,Made,False,False,201942.0,,foul,foul,,,,1626161|1627741|1627854|1628368|1628401|200746|201942|201967|202357|202697,1627854|1628401|200746|201942|201967,1626161|1627741|1628368|202357|202697,,,1610612759.0,21800197,True
3,PT09M16.00S,09:16,Q3 09:16,21.266666666666666,330,foul,DeRozan P.FOUL (P1.T3) (C.Washington),[],DeRozan,61,62,,False,False,201942.0,,freethrow,3pt made,202357.0,,,1626161|1627741|1627854|1628368|1628401|200746|201942|201967|202357|202697,1627854|1628401|200746|201942|201967,1626161|1627741|1628368|202357|202697,,,1610612759.0,21800197,True
3,PT09M07.00S,09:07,Q3 09:07,21.116666666666667,332,3pt,Bjelica 3PT Jump Shot (6 PTS) (Fox 3 AST),[],Bjelica,64,62,Made,True,True,202357.0,1628368.0,foul,foul,,,,1626161|1627741|1627854|1628368|1628401|200746|201942|201967|202357|202697,1626161|1627741|1628368|202357|202697,1627854|1628401|200746|201942|201967,-225.0,45.0,1610612758.0,21800197,True
3,PT08M46.00S,08:46,Q3 08:46,20.766666666666666,334,foul,Cauley-Stein S.FOUL (P2.T4) (M.Lindsay),[],Cauley-Stein,64,62,,False,False,1626161.0,,3pt made,freethrow,201942.0,,,1626161|1627741|1627854|1628368|1628401|200746|201942|201967|202357|202697,1626161|1627741|1628368|202357|202697,1627854|1628401|200746|201942|201967,,,1610612758.0,21800197,True
3,PT08M46.00S,08:46,Q3 08:46,20.766666666666666,336,freethrow,DeRozan Free Throw 1 of 2 (13 PTS),[],DeRozan,64,63,Made,False,False,201942.0,,foul,freethrow,,,,1626161|1627741|1627854|1628368|1628401|200746|201942|201967|202357|202697,1627854|1628401|200746|201942|201967,1626161|1627741|1628368|202357|202697,,,1610612759.0,21800197,True
3,PT08M46.00S,08:46,Q3 08:46,20.766666666666666,337,freethrow,DeRozan Free Throw 2 of 2 (14 PTS),[],DeRozan,64,64,Made,False,False,201942.0,,freethrow,2pt missed,,,,1626161|1627741|1627854|1628368|1628401|200746|201942|201967|202357|202697,1627854|1628401|200746|201942|201967,1626161|1627741|1628368|202357|202697,,,1610612759.0,21800197,True
3,PT08M24.00S,08:24,Q3 08:24,20.4,338,2pt,MISS Bjelica 8' Jump Shot,['pointsinthepaint'],Bjelica,64,64,Missed,True,False,202357.0,,freethrow,rebound,,,,1626161|1627741|1627854|1628368|1628401|200746|201942|201967|202357|202697,1626161|1627741|1628368|202357|202697,1627854|1628401|200746|201942|201967,56.0,61.0,1610612758.0,21800197,True
3,PT08M21.00S,08:21,Q3 08:21,20.35,339,rebound,Bjelica REBOUND (Off:1 Def:2),[],Bjelica,64,64,,False,False,202357.0,,2pt missed,2pt made,,,,1626161|1627741|1627854|1628368|1628401|200746|201942|201967|202357|202697,1626161|1627741|1628368|202357|202697,1627854|1628401|200746|201942|201967,,,1610612758.0,21800197,True
3,PT08M21.00S,08:21,Q3 08:21,20.35,340,2pt,Bjelica 1' Tip Layup Shot (8 PTS),['pointsinthepaint'],Bjelica,66,64,Made,True,False,202357.0,,rebound,3pt missed,,,,1626161|1627741|1627854|1628368|1628401|200746|201942|201967|202357|202697,1626161|1627741|1628368|202357|202697,1627854|1628401|200746|201942|201967,0.0,-6.0,1610612758.0,21800197,True
3,PT08M08.00S,08:08,Q3 08:08,20.133333333333333,341,3pt,MISS White 26' 3PT Jump Shot,[],White,66,64,Missed,True,False,1628401.0,,2pt made,rebound,,,,1626161|1627741|1627854|1628368|1628401|200746|201942|201967|202357|202697,1627854|1628401|200746|201942|201967,1626161|1627741|1628368|202357|202697,-127.0,222.0,1610612759.0,21800197,True
3,PT08M05.00S,08:05,Q3 08:05,20.083333333333336,342,rebound,Bjelica REBOUND (Off:1 Def:3),[],Bjelica,66,64,,False,False,202357.0,,3pt missed,2pt made,,,,1626161|1627741|1627854|1628368|1628401|200746|201942|201967|202357|202697,1626161|1627741|1628368|202357|202697,1627854|1628401|200746|201942|201967,,,1610612758.0,21800197,True
3,PT08M00.00S,08:00,Q3 08:00,20.0,343,2pt,Fox 15' Pullup Jump Shot (14 PTS) (Hield 3 AST),[],Fox,68,64,Made,True,True,1628368.0,1627741.0,rebound,timeout,,,,1626161|1627741|1627854|1628368|1628401|200746|201942|201967|202357|202697,1626161|1627741|1628368|202357|202697,1627854|1628401|200746|201942|201967,-124.0,90.0,1610612758.0,21800197,True
3,PT07M59.00S,07:59,Q3 07:59,19.983333333333334,345,timeout,Spurs Timeout: Regular (Reg.4 Short 0),[],,68,64,,False,False,0.0,,2pt made,3pt missed,,,,1626161|1627741|1627854|1628368|1628401|200746|201942|201967|202357|202697,1627854|1628401|200746|201942|201967,1626161|1627741|1628368|202357|202697,,,1610612759.0,21800197,True
3,PT07M34.00S,07:34,Q3 07:34,19.566666666666666,346,3pt,MISS Forbes 25' 3PT Jump Shot,[],Forbes,68,64,Missed,True,False,1627854.0,,timeout,rebound,,,,1626161|1627741|1627854|1628368|1628401|200746|201942|201967|202357|202697,1627854|1628401|200746|201942|201967,1626161|1627741|1628368|202357|202697,105.0,231.0,1610612759.0,21800197,True
3,PT07M30.00S,07:30,Q3 07:30,19.5,347,rebound,Cauley-Stein REBOUND (Off:0 Def:8),[],Cauley-Stein,68,64,,False,False,1626161.0,,3pt missed,2pt missed,,,,1626161|1627741|1627854|1628368|1628401|200746|201942|201967|202357|202697,1626161|1627741|1628368|202357|202697,1627854|1628401|200746|201942|201967,,,1610612758.0,21800197,True
3,PT07M11.00S,07:11,Q3 07:11,19.183333333333334,348,2pt,MISS Fox 17' Fadeaway Jumper,[],Fox,68,64,Missed,True,False,1628368.0,,rebound,rebound,,,,1626161|1627741|1627854|1628368|1628401|200746|201942|201967|202357|202697,1626161|1627741|1628368|202357|202697,1627854|1628401|200746|201942|201967,-30.0,167.0,1610612758.0,21800197,True
3,PT07M06.00S,07:06,Q3 07:06,19.1,349,rebound,Aldridge REBOUND (Off:2 Def:12),[],Aldridge,68,64,,False,False,200746.0,,2pt missed,3pt missed,,,,1626161|1627741|1627854|1628368|1628401|200746|201942|201967|202357|202697,1627854|1628401|200746|201942|201967,1626161|1627741|1628368|202357|202697,,,1610612759.0,21800197,True
3,PT06M59.00S,06:59,Q3 06:59,18.983333333333334,350,3pt,MISS Forbes 25' 3PT Jump Shot,[],Forbes,68,64,Missed,True,False,1627854.0,,rebound,rebound,,,,1626161|1627741|1627854|1628368|1628401|200746|201942|201967|202357|202697,1627854|1628401|200746|201942|201967,1626161|1627741|1628368|202357|202697,-9.0,254.0,1610612759.0,21800197,True
3,PT06M56.00S,06:56,Q3 06:56,18.933333333333334,351,rebound,Hield REBOUND (Off:1 Def:1),[],Hield,68,64,,False,False,1627741.0,,3pt missed,2pt made,,,,1626161|1627741|1627854|1628368|1628401|200746|201942|201967|202357|202697,1626161|1627741|1628368|202357|202697,1627854|1628401|200746|201942|201967,,,1610612758.0,21800197,True
3,PT06M49.00S,06:49,Q3 06:49,18.816666666666666,352,2pt,Hield 17' Jump Shot (14 PTS),[],Hield,70,64,Made,True,False,1627741.0,,rebound,3pt missed,,,,1626161|1627741|1627854|1628368|1628401|200746|201942|201967|202357|202697,1626161|1627741|1628368|202357|202697,1627854|1628401|200746|201942|201967,-62.0,156.0,1610612758.0,21800197,True
3,PT06M24.00S,06:24,Q3 06:24,18.4,353,3pt,MISS DeRozan 3PT Jump Shot,[],DeRozan,70,64,Missed,True,False,201942.0,,2pt made,rebound,,,,1626161|1627741|1627854|1628368|1628401|200746|201942|201967|202357|202697,1627854|1628401|200746|201942|201967,1626161|1627741|1628368|202357|202697,234.0,20.0,1610612759.0,21800197,True
3,PT06M20.00S,06:20,Q3 06:20,18.333333333333332,354,rebound,Cauley-Stein REBOUND (Off:0 Def:9),[],Cauley-Stein,70,64,,False,False,1626161.0,,3pt missed,3pt missed,,,,1626161|1627741|1627854|1628368|1628401|200746|201942|201967|202357|202697,1626161|1627741|1628368|202357|202697,1627854|1628401|200746|201942|201967,,,1610612758.0,21800197,True
3,PT06M15.00S,06:15,Q3 06:15,18.25,355,3pt,MISS Hield 25' 3PT Jump Shot,[],Hield,70,64,Missed,True,False,1627741.0,,rebound,rebound,,,,1626161|1627741|1627854|1628368|1628401|200746|201942|201967|202357|202697,1626161|1627741|1628368|202357|202697,1627854|1628401|200746|201942|201967,174.0,184.0,1610612758.0,21800197,True
3,PT06M12.00S,06:12,Q3 06:12,18.2,356,rebound,Aldridge REBOUND (Off:2 Def:13),[],Aldridge,70,64,,False,False,200746.0,,3pt missed,turnover,,,,1626161|1627741|1627854|1628368|1628401|200746|201942|201967|202357|202697,1627854|1628401|200746|201942|201967,1626161|1627741|1628368|202357|202697,,,1610612759.0,21800197,True
3,PT06M01.00S,06:01,Q3 06:01,18.016666666666666,357,turnover,DeRozan Step Out of Bounds Turnover (P3.T7),[],DeRozan,70,64,,False,False,201942.0,,rebound,substitution,,,,1626161|1627741|1627854|1628368|1628401|200746|201942|201967|202357|202697,1627854|1628401|200746|201942|201967,1626161|1627741|1628368|202357|202697,,,1610612759.0,21800197,True
3,PT06M01.00S,06:01,Q3 06:01,18.016666666666666,358,substitution,SUB out: D. White,[],White,70,64,,False,False,1628401.0,,turnover,substitution,,,,1626161|1627741|1627854|1628368|200746|201942|201967|202357|202697,1627854|200746|201942|201967,1626161|1627741|1628368|202357|202697,,,1610612759.0,21800197,False
3,PT06M01.00S,06:01,Q3 06:01,18.016666666666666,359,substitution,SUB in: P. Mills,[],Mills,70,64,,False,False,201988.0,,substitution,2pt missed,,,,1626161|1627741|1627854|1628368|200746|201942|201967|201988|202357|202697,1627854|200746|201942|201967|201988,1626161|1627741|1628368|202357|202697,,,1610612759.0,21800197,True
3,PT05M51.00S,05:51,Q3 05:51,17.85,360,2pt,MISS Cauley-Stein 5' Driving Layup,['pointsinthepaint'],Cauley-Stein,70,64,Missed,True,False,1626161.0,,substitution,rebound,,,,1626161|1627741|1627854|1628368|200746|201942|201967|201988|202357|202697,1626161|1627741|1628368|202357|202697,1627854|200746|201942|201967|201988,39.0,36.0,1610612758.0,21800197,True
3,PT05M49.00S,05:49,Q3 05:49,17.816666666666666,361,rebound,Cunningham REBOUND (Off:4 Def:2),[],Cunningham,70,64,,False,False,201967.0,,2pt missed,foul,,,,1626161|1627741|1627854|1628368|200746|201942|201967|201988|202357|202697,1627854|200746|201942|201967|201988,1626161|1627741|1628368|202357|202697,,,1610612759.0,21800197,True
3,PT05M43.00S,05:43,Q3 05:43,17.71666666666667,362,foul,Bjelica S.FOUL (P1.PN) (C.Washington),['inpenalty'],Bjelica,70,64,,False,False,202357.0,,rebound,freethrow,201942.0,,,1626161|1627741|1627854|1628368|200746|201942|201967|201988|202357|202697,1626161|1627741|1628368|202357|202697,1627854|200746|201942|201967|201988,,,1610612758.0,21800197,True
3,PT05M43.00S,05:43,Q3 05:43,17.71666666666667,364,freethrow,DeRozan Free Throw 1 of 2 (15 PTS),[],DeRozan,70,65,Made,False,False,201942.0,,foul,freethrow,,,,1626161|1627741|1627854|1628368|200746|201942|201967|201988|202357|202697,1627854|200746|201942|201967|201988,1626161|1627741|1628368|202357|202697,,,1610612759.0,21800197,True
3,PT05M43.00S,05:43,Q3 05:43,17.71666666666667,369,freethrow,MISS DeRozan Free Throw 2 of 2,[],DeRozan,70,65,Missed,False,False,201942.0,,freethrow,substitution,,,,1626161|1627741|1627854|1628368|200746|201942|201967|201988|202357|202697,1627854|200746|201942|201967|201988,1626161|1627741|1628368|202357|202697,,,1610612759.0,21800197,True
3,PT05M43.00S,05:43,Q3 05:43,17.71666666666667,365,substitution,SUB out: B. Forbes,[],Forbes,70,65,,False,False,1627854.0,,freethrow,substitution,,,,1626161|1627741|1628368|200746|201942|201967|201988|202357|202697,200746|201942|201967|201988,1626161|1627741|1628368|202357|202697,,,1610612759.0,21800197,False
3,PT05M43.00S,05:43,Q3 05:43,17.71666666666667,366,substitution,SUB out: D. Cunningham,[],Cunningham,70,65,,False,False,201967.0,,substitution,substitution,,,,1626161|1627741|1628368|200746|201942|201988|202357|202697,200746|201942|201988,1626161|1627741|1628368|202357|202697,,,1610612759.0,21800197,False
3,PT05M43.00S,05:43,Q3 05:43,17.71666666666667,367,substitution,SUB in: R. Gay,[],Gay,70,65,,False,False,200752.0,,substitution,substitution,,,,1626161|1627741|1628368|200746|200752|201942|201988|202357|202697,200746|200752|201942|201988,1626161|1627741|1628368|202357|202697,,,1610612759.0,21800197,False
3,PT05M43.00S,05:43,Q3 05:43,17.71666666666667,368,substitution,SUB in: M. Belinelli,[],Belinelli,70,65,,False,False,201158.0,,substitution,rebound,,,,1626161|1627741|1628368|200746|200752|201158|201942|201988|202357|202697,200746|200752|201158|201942|201988,1626161|1627741|1628368|202357|202697,,,1610612759.0,21800197,True
3,PT05M41.00S,05:41,Q3 05:41,17.683333333333334,370,rebound,Cauley-Stein REBOUND (Off:0 Def:10),[],Cauley-Stein,70,65,,False,False,1626161.0,,substitution,2pt missed,,,,1626161|1627741|1628368|200746|200752|201158|201942|201988|202357|202697,1626161|1627741|1628368|202357|202697,200746|200752|201158|201942|201988,,,1610612758.0,21800197,True
3,PT05M28.00S,05:28,Q3 05:28,17.46666666666667,371,2pt,MISS Hield 19' Jump Shot,[],Hield,70,65,Missed,True,False,1627741.0,,rebound,rebound,,,,1626161|1627741|1628368|200746|200752|201158|201942|201988|202357|202697,1626161|1627741|1628368|202357|202697,200746|200752|201158|201942|201988,-30.0,183.0,1610612758.0,21800197,True
3,PT05M23.00S,05:23,Q3 05:23,17.383333333333333,372,rebound,DeRozan REBOUND (Off:0 Def:2),[],DeRozan,70,65,,False,False,201942.0,,2pt missed,foul,,,,1626161|1627741|1628368|200746|200752|201158|201942|201988|202357|202697,200746|200752|201158|201942|201988,1626161|1627741|1628368|202357|202697,,,1610612759.0,21800197,True
3,PT05M17.00S,05:17,Q3 05:17,17.28333333333333,373,foul,Cauley-Stein S.FOUL (P3.PN) (J.Phillips),['inpenalty'],Cauley-Stein,70,65,,False,False,1626161.0,,rebound,freethrow,201942.0,,,1626161|1627741|1628368|200746|200752|201158|201942|201988|202357|202697,1626161|1627741|1628368|202357|202697,200746|200752|201158|201942|201988,,,1610612758.0,21800197,True
3,PT05M17.00S,05:17,Q3 05:17,17.28333333333333,375,freethrow,DeRozan Free Throw 1 of 2 (16 PTS),[],DeRozan,70,66,Made,False,False,201942.0,,foul,freethrow,,,,1626161|1627741|1628368|200746|200752|201158|201942|201988|202357|202697,200746|200752|201158|201942|201988,1626161|1627741|1628368|202357|202697,,,1610612759.0,21800197,True
3,PT05M17.00S,05:17,Q3 05:17,17.28333333333333,380,freethrow,DeRozan Free Throw 2 of 2 (17 PTS),[],DeRozan,70,67,Made,False,False,201942.0,,freethrow,substitution,,,,1626161|1627741|1628368|200746|200752|201158|201942|201988|202357|202697,200746|200752|201158|201942|201988,1626161|1627741|1628368|202357|202697,,,1610612759.0,21800197,True
3,PT05M17.00S,05:17,Q3 05:17,17.28333333333333,376,substitution,SUB out: B. Hield,[],Hield,70,66,,False,False,1627741.0,,freethrow,substitution,,,,1626161|1628368|200746|200752|201158|201942|201988|202357|202697,1626161|1628368|202357|202697,200746|200752|201158|201942|201988,,,1610612758.0,21800197,False
3,PT05M17.00S,05:17,Q3 05:17,17.28333333333333,377,substitution,SUB out: N. Bjelica,[],Bjelica,70,66,,False,False,202357.0,,substitution,substitution,,,,1626161|1628368|200746|200752|201158|201942|201988|202697,1626161|1628368|202697,200746|200752|201158|201942|201988,,,1610612758.0,21800197,False
3,PT05M17.00S,05:17,Q3 05:17,17.28333333333333,378,substitution,SUB in: B. Bogdanovic,[],Bogdanovic,70,66,,False,False,203992.0,,substitution,substitution,,,,1626161|1628368|200746|200752|201158|201942|201988|202697|203992,1626161|1628368|202697|203992,200746|200752|201158|201942|201988,,,1610612758.0,21800197,False
3,PT05M17.00S,05:17,Q3 05:17,17.28333333333333,379,substitution,SUB in: M. Bagley III,[],Bagley III,70,66,,False,False,1628963.0,,substitution,2pt missed,,,,1626161|1628368|1628963|200746|200752|201158|201942|201988|202697|203992,1626161|1628368|1628963|202697|203992,200746|200752|201158|201942|201988,,,1610612758.0,21800197,True
3,PT05M01.00S,05:01,Q3 05:01,17.016666666666666,381,2pt,MISS Bagley III 10' Fadeaway Jumper,['pointsinthepaint'],Bagley III,70,67,Missed,True,False,1628963.0,,substitution,rebound,,,,1626161|1628368|1628963|200746|200752|201158|201942|201988|202697|203992,1626161|1628368|1628963|202697|203992,200746|200752|201158|201942|201988,62.0,83.0,1610612758.0,21800197,True
3,PT04M58.00S,04:58,Q3 04:58,16.96666666666667,382,rebound,Gay REBOUND (Off:2 Def:2),[],Gay,70,67,,False,False,200752.0,,2pt missed,3pt missed,,,,1626161|1628368|1628963|200746|200752|201158|201942|201988|202697|203992,200746|200752|201158|201942|201988,1626161|1628368|1628963|202697|203992,,,1610612759.0,21800197,True
3,PT04M49.00S,04:49,Q3 04:49,16.816666666666666,383,3pt,MISS Gay 26' 3PT Jump Shot,[],Gay,70,67,Missed,True,False,200752.0,,rebound,rebound,,,,1626161|1628368|1628963|200746|200752|201158|201942|201988|202697|203992,200746|200752|201158|201942|201988,1626161|1628368|1628963|202697|203992,53.0,251.0,1610612759.0,21800197,True
3,PT04M45.00S,04:45,Q3 04:45,16.75,384,rebound,Cauley-Stein REBOUND (Off:0 Def:11),[],Cauley-Stein,70,67,,False,False,1626161.0,,3pt missed,3pt missed,,,,1626161|1628368|1628963|200746|200752|201158|201942|201988|202697|203992,1626161|1628368|1628963|202697|203992,200746|200752|201158|201942|201988,,,1610612758.0,21800197,True
3,PT04M38.00S,04:38,Q3 04:38,16.633333333333333,385,3pt,MISS Shumpert 25' 3PT Jump Shot,[],Shumpert,70,67,Missed,True,False,202697.0,,rebound,rebound,,,,1626161|1628368|1628963|200746|200752|201158|201942|201988|202697|203992,1626161|1628368|1628963|202697|203992,200746|200752|201158|201942|201988,18.0,250.0,1610612758.0,21800197,True
3,PT04M35.00S,04:35,Q3 04:35,16.583333333333332,386,rebound,Aldridge REBOUND (Off:2 Def:14),[],Aldridge,70,67,,False,False,200746.0,,3pt missed,3pt missed,,,,1626161|1628368|1628963|200746|200752|201158|201942|201988|202697|203992,200746|200752|201158|201942|201988,1626161|1628368|1628963|202697|203992,,,1610612759.0,21800197,True
3,PT04M31.00S,04:31,Q3 04:31,16.516666666666666,387,3pt,MISS Belinelli 25' 3PT Jump Shot,[],Belinelli,70,67,Missed,True,False,201158.0,,rebound,rebound,,,,1626161|1628368|1628963|200746|200752|201158|201942|201988|202697|203992,200746|200752|201158|201942|201988,1626161|1628368|1628963|202697|203992,119.0,222.0,1610612759.0,21800197,True
3,PT04M26.00S,04:26,Q3 04:26,16.433333333333334,388,rebound,Bagley III REBOUND (Off:0 Def:3),[],Bagley III,70,67,,False,False,1628963.0,,3pt missed,3pt missed,,,,1626161|1628368|1628963|200746|200752|201158|201942|201988|202697|203992,1626161|1628368|1628963|202697|203992,200746|200752|201158|201942|201988,,,1610612758.0,21800197,True
3,PT04M19.00S,04:19,Q3 04:19,16.316666666666666,389,3pt,MISS Bagley III 25' 3PT Jump Shot,[],Bagley III,70,67,Missed,True,False,1628963.0,,rebound,rebound,,,,1626161|1628368|1628963|200746|200752|201158|201942|201988|202697|203992,1626161|1628368|1628963|202697|203992,200746|200752|201158|201942|201988,-174.0,176.0,1610612758.0,21800197,True
3,PT04M17.00S,04:17,Q3 04:17,16.28333333333333,390,rebound,Mills REBOUND (Off:0 Def:3),[],Mills,70,67,,False,False,201988.0,,3pt missed,3pt missed,,,,1626161|1628368|1628963|200746|200752|201158|201942|201988|202697|203992,200746|200752|201158|201942|201988,1626161|1628368|1628963|202697|203992,,,1610612759.0,21800197,True
3,PT04M00.00S,04:00,Q3 04:00,16.0,391,3pt,MISS Mills 3PT Jump Shot,[],Mills,70,67,Missed,True,False,201988.0,,rebound,rebound,,,,1626161|1628368|1628963|200746|200752|201158|201942|201988|202697|203992,200746|200752|201158|201942|201988,1626161|1628368|1628963|202697|203992,232.0,20.0,1610612759.0,21800197,True
3,PT03M57.00S,03:57,Q3 03:57,15.95,392,rebound,Cauley-Stein REBOUND (Off:0 Def:12),[],Cauley-Stein,70,67,,False,False,1626161.0,,3pt missed,2pt made,,,,1626161|1628368|1628963|200746|200752|201158|201942|201988|202697|203992,1626161|1628368|1628963|202697|203992,200746|200752|201158|201942|201988,,,1610612758.0,21800197,True
3,PT03M52.00S,03:52,Q3 03:52,15.866666666666667,393,2pt,Bogdanovic 4' Driving Hook Shot (13 PTS) (Cauley-Stein 3 AST),['pointsinthepaint'],Bogdanovic,72,67,Made,True,True,203992.0,1626161.0,rebound,turnover,,,,1626161|1628368|1628963|200746|200752|201158|201942|201988|202697|203992,1626161|1628368|1628963|202697|203992,200746|200752|201158|201942|201988,7.0,42.0,1610612758.0,21800197,True
3,PT03M47.00S,03:47,Q3 03:47,15.783333333333333,395,turnover,Mills Bad Pass Turnover (P1.T8),[],Mills,72,67,,False,False,201988.0,,2pt made,steal,,,,1626161|1628368|1628963|200746|200752|201158|201942|201988|202697|203992,200746|200752|201158|201942|201988,1626161|1628368|1628963|202697|203992,,,1610612759.0,21800197,True
3,PT03M47.00S,03:47,Q3 03:47,15.783333333333333,395,steal,Fox STEAL (1 STL),[],Fox,72,67,,False,False,1628368.0,,turnover,2pt missed,,1628368.0,,1626161|1628368|1628963|200746|200752|201158|201942|201988|202697|203992,1626161|1628368|1628963|202697|203992,200746|200752|201158|201942|201988,,,1610612758.0,21800197,True
3,PT03M36.00S,03:36,Q3 03:36,15.6,397,2pt,MISS Bogdanovic 5' Layup,['pointsinthepaint'],Bogdanovic,72,67,Missed,True,False,203992.0,,steal,block,,,,1626161|1628368|1628963|200746|200752|201158|201942|201988|202697|203992,1626161|1628368|1628963|202697|203992,200746|200752|201158|201942|201988,40.0,30.0,1610612758.0,21800197,True
3,PT03M36.00S,03:36,Q3 03:36,15.6,397,block,Gay BLOCK (1 BLK),[],Gay,72,67,,False,False,200752.0,,2pt missed,rebound,,,200752.0,1626161|1628368|1628963|200746|200752|201158|201942|201988|202697|203992,200746|200752|201158|201942|201988,1626161|1628368|1628963|202697|203992,,,1610612759.0,21800197,True
3,PT03M32.00S,03:32,Q3 03:32,15.533333333333333,399,rebound,Aldridge REBOUND (Off:2 Def:15),[],Aldridge,72,67,,False,False,200746.0,,block,foul,,,,1626161|1628368|1628963|200746|200752|201158|201942|201988|202697|203992,200746|200752|201158|201942|201988,1626161|1628368|1628963|202697|203992,,,1610612759.0,21800197,True
3,PT03M25.00S,03:25,Q3 03:25,15.416666666666666,400,foul,Shumpert S.FOUL (P3.PN) (C.Washington),['inpenalty'],Shumpert,72,67,,False,False,202697.0,,rebound,freethrow,201158.0,,,1626161|1628368|1628963|200746|200752|201158|201942|201988|202697|203992,1626161|1628368|1628963|202697|203992,200746|200752|201158|201942|201988,,,1610612758.0,21800197,True
3,PT03M25.00S,03:25,Q3 03:25,15.416666666666666,402,freethrow,MISS Belinelli Free Throw 1 of 2,[],Belinelli,72,67,Missed,False,False,201158.0,,foul,rebound,,,,1626161|1628368|1628963|200746|200752|201158|201942|201988|202697|203992,200746|200752|201158|201942|201988,1626161|1628368|1628963|202697|203992,,,1610612759.0,21800197,True
3,PT03M25.00S,03:25,Q3 03:25,15.416666666666666,403,rebound,TEAM offensive REBOUND,['team'],,72,67,,False,False,0.0,,freethrow,freethrow,,,,1626161|1628368|1628963|200746|200752|201158|201942|201988|202697|203992,200746|200752|201158|201942|201988,1626161|1628368|1628963|202697|203992,,,1610612759.0,21800197,True
3,PT03M25.00S,03:25,Q3 03:25,15.416666666666666,408,freethrow,Belinelli Free Throw 2 of 2 (3 PTS),[],Belinelli,72,68,Made,False,False,201158.0,,rebound,substitution,,,,1626161|1628368|1628963|200746|200752|201158|201942|201988|202697|203992,200746|200752|201158|201942|201988,1626161|1628368|1628963|202697|203992,,,1610612759.0,21800197,True
3,PT03M25.00S,03:25,Q3 03:25,15.416666666666666,404,substitution,SUB out: I. Shumpert,[],Shumpert,72,67,,False,False,202697.0,,freethrow,substitution,,,,1626161|1628368|1628963|200746|200752|201158|201942|201988|203992,1626161|1628368|1628963|203992,200746|200752|201158|201942|201988,,,1610612758.0,21800197,False
3,PT03M25.00S,03:25,Q3 03:25,15.416666666666666,405,substitution,SUB out: L. Aldridge,[],Aldridge,72,67,,False,False,200746.0,,substitution,substitution,,,,1626161|1628368|1628963|200752|201158|201942|201988|203992,200752|201158|201942|201988,1626161|1628368|1628963|203992,,,1610612759.0,21800197,False
3,PT03M25.00S,03:25,Q3 03:25,15.416666666666666,406,substitution,SUB in: J. Jackson,[],Jackson,72,67,,False,False,1628382.0,,substitution,substitution,,,,1626161|1628368|1628382|1628963|200752|201158|201942|201988|203992,1626161|1628368|1628382|1628963|203992,200752|201158|201942|201988,,,1610612758.0,21800197,False
3,PT03M25.00S,03:25,Q3 03:25,15.416666666666666,407,substitution,SUB in: J. Poeltl,[],Poeltl,72,67,,False,False,1627751.0,,substitution,2pt missed,,,,1626161|1627751|1628368|1628382|1628963|200752|201158|201942|201988|203992,1627751|200752|201158|201942|201988,1626161|1628368|1628382|1628963|203992,,,1610612759.0,21800197,True
3,PT03M10.00S,03:10,Q3 03:10,15.166666666666666,409,2pt,MISS Cauley-Stein 16' Jump Shot,[],Cauley-Stein,72,68,Missed,True,False,1626161.0,,substitution,rebound,,,,1626161|1627751|1628368|1628382|1628963|200752|201158|201942|201988|203992,1626161|1628368|1628382|1628963|203992,1627751|200752|201158|201942|201988,126.0,104.0,1610612758.0,21800197,True
3,PT03M07.00S,03:07,Q3 03:07,15.116666666666667,410,rebound,Bagley III REBOUND (Off:1 Def:3),[],Bagley III,72,68,,False,False,1628963.0,,2pt missed,2pt missed,,,,1626161|1627751|1628368|1628382|1628963|200752|201158|201942|201988|203992,1626161|1628368|1628382|1628963|203992,1627751|200752|201158|201942|201988,,,1610612758.0,21800197,True
3,PT03M07.00S,03:07,Q3 03:07,15.116666666666667,411,2pt,MISS Bagley III 1' Tip Layup Shot,['pointsinthepaint'],Bagley III,72,68,Missed,True,False,1628963.0,,rebound,rebound,,,,1626161|1627751|1628368|1628382|1628963|200752|201158|201942|201988|203992,1626161|1628368|1628382|1628963|203992,1627751|200752|201158|201942|201988,0.0,-6.0,1610612758.0,21800197,True
3,PT03M07.00S,03:07,Q3 03:07,15.116666666666667,412,rebound,Bagley III REBOUND (Off:2 Def:3),[],Bagley III,72,68,,False,False,1628963.0,,2pt missed,2pt made,,,,1626161|1627751|1628368|1628382|1628963|200752|201158|201942|201988|203992,1626161|1628368|1628382|1628963|203992,1627751|200752|201158|201942|201988,,,1610612758.0,21800197,True
3,PT03M07.00S,03:07,Q3 03:07,15.116666666666667,413,2pt,Bagley III 3' Layup (4 PTS),['pointsinthepaint'],Bagley III,74,68,Made,True,False,1628963.0,,rebound,foul,,,,1626161|1627751|1628368|1628382|1628963|200752|201158|201942|201988|203992,1626161|1628368|1628382|1628963|203992,1627751|200752|201158|201942|201988,-20.0,19.0,1610612758.0,21800197,True
3,PT03M07.00S,03:07,Q3 03:07,15.116666666666667,414,foul,Gay S.FOUL (P1.T4) (J.Phillips),[],Gay,74,68,,False,False,200752.0,,2pt made,freethrow,1628963.0,,,1626161|1627751|1628368|1628382|1628963|200752|201158|201942|201988|203992,1627751|200752|201158|201942|201988,1626161|1628368|1628382|1628963|203992,,,1610612759.0,21800197,True
3,PT03M07.00S,03:07,Q3 03:07,15.116666666666667,418,freethrow,Bagley III Free Throw 1 of 1 (5 PTS),[],Bagley III,75,68,Made,False,False,1628963.0,,foul,substitution,,,,1626161|1627751|1628368|1628382|1628963|200752|201158|201942|201988|203992,1626161|1628368|1628382|1628963|203992,1627751|200752|201158|201942|201988,,,1610612758.0,21800197,True
3,PT03M07.00S,03:07,Q3 03:07,15.116666666666667,416,substitution,SUB out: D. Fox,[],Fox,74,68,,False,False,1628368.0,,freethrow,substitution,,,,1626161|1627751|1628382|1628963|200752|201158|201942|201988|203992,1626161|1628382|1628963|203992,1627751|200752|201158|201942|201988,,,1610612758.0,21800197,False
3,PT03M07.00S,03:07,Q3 03:07,15.116666666666667,417,substitution,SUB in: F. Mason III,[],Mason III,74,68,,False,False,1628412.0,,substitution,turnover,,,,1626161|1627751|1628382|1628412|1628963|200752|201158|201942|201988|203992,1626161|1628382|1628412|1628963|203992,1627751|200752|201158|201942|201988,,,1610612758.0,21800197,True
3,PT02M45.00S,02:45,Q3 02:45,14.75,419,turnover,Belinelli Bad Pass Turnover (P1.T9),[],Belinelli,75,68,,False,False,201158.0,,substitution,steal,,,,1626161|1627751|1628382|1628412|1628963|200752|201158|201942|201988|203992,1627751|200752|201158|201942|201988,1626161|1628382|1628412|1628963|203992,,,1610612759.0,21800197,True
3,PT02M45.00S,02:45,Q3 02:45,14.75,419,steal,Cauley-Stein STEAL (1 STL),[],Cauley-Stein,75,68,,False,False,1626161.0,,turnover,timeout,,1626161.0,,1626161|1627751|1628382|1628412|1628963|200752|201158|201942|201988|203992,1626161|1628382|1628412|1628963|203992,1627751|200752|201158|201942|201988,,,1610612758.0,21800197,True
3,PT02M38.00S,02:38,Q3 02:38,14.633333333333333,421,timeout,KINGS Timeout: Regular (Full 3 Short 0),[],,75,68,,False,False,0.0,,steal,substitution,,,,1626161|1627751|1628382|1628412|1628963|200752|201158|201942|201988|203992,1626161|1628382|1628412|1628963|203992,1627751|200752|201158|201942|201988,,,1610612758.0,21800197,True
3,PT02M38.00S,02:38,Q3 02:38,14.633333333333333,422,substitution,SUB out: W. Cauley-Stein,[],Cauley-Stein,75,68,,False,False,1626161.0,,timeout,substitution,,,,1627751|1628382|1628412|1628963|200752|201158|201942|201988|203992,1628382|1628412|1628963|203992,1627751|200752|201158|201942|201988,,,1610612758.0,21800197,False
3,PT02M38.00S,02:38,Q3 02:38,14.633333333333333,423,substitution,SUB in: H. Giles III,[],Giles III,75,68,,False,False,1628385.0,,substitution,2pt missed,,,,1627751|1628382|1628385|1628412|1628963|200752|201158|201942|201988|203992,1628382|1628385|1628412|1628963|203992,1627751|200752|201158|201942|201988,,,1610612758.0,21800197,True
3,PT02M23.00S,02:23,Q3 02:23,14.383333333333333,424,2pt,MISS Giles III 6' Driving Layup,['pointsinthepaint'],Giles III,75,68,Missed,True,False,1628385.0,,substitution,rebound,,,,1627751|1628382|1628385|1628412|1628963|200752|201158|201942|201988|203992,1628382|1628385|1628412|1628963|203992,1627751|200752|201158|201942|201988,-13.0,55.0,1610612758.0,21800197,True
3,PT02M20.00S,02:20,Q3 02:20,14.333333333333334,425,rebound,Poeltl REBOUND (Off:0 Def:3),[],Poeltl,75,68,,False,False,1627751.0,,2pt missed,2pt made,,,,1627751|1628382|1628385|1628412|1628963|200752|201158|201942|201988|203992,1627751|200752|201158|201942|201988,1628382|1628385|1628412|1628963|203992,,,1610612759.0,21800197,True
3,PT02M14.00S,02:14,Q3 02:14,14.233333333333334,426,2pt,DeRozan 7' Jump Shot (19 PTS),['pointsinthepaint'],DeRozan,75,70,Made,True,False,201942.0,,rebound,2pt made,,,,1627751|1628382|1628385|1628412|1628963|200752|201158|201942|201988|203992,1627751|200752|201158|201942|201988,1628382|1628385|1628412|1628963|203992,30.0,68.0,1610612759.0,21800197,True
3,PT01M56.00S,01:56,Q3 01:56,13.933333333333334,427,2pt,Bagley III 2' Alley Oop Dunk (7 PTS) (Bogdanovic 3 AST),['pointsinthepaint'],Bagley III,77,70,Made,True,True,1628963.0,203992.0,2pt made,foul,,,,1627751|1628382|1628385|1628412|1628963|200752|201158|201942|201988|203992,1628382|1628385|1628412|1628963|203992,1627751|200752|201158|201942|201988,-16.0,6.0,1610612758.0,21800197,True
3,PT01M47.00S,01:47,Q3 01:47,13.783333333333333,429,foul,Giles III S.FOUL (P2.PN) (M.Lindsay),['inpenalty'],Giles III,77,70,,False,False,1628385.0,,2pt made,freethrow,1627751.0,,,1627751|1628382|1628385|1628412|1628963|200752|201158|201942|201988|203992,1628382|1628385|1628412|1628963|203992,1627751|200752|201158|201942|201988,,,1610612758.0,21800197,True
3,PT01M47.00S,01:47,Q3 01:47,13.783333333333333,431,freethrow,Poeltl Free Throw 1 of 2 (1 PTS),[],Poeltl,77,71,Made,False,False,1627751.0,,foul,freethrow,,,,1627751|1628382|1628385|1628412|1628963|200752|201158|201942|201988|203992,1627751|200752|201158|201942|201988,1628382|1628385|1628412|1628963|203992,,,1610612759.0,21800197,True
3,PT01M47.00S,01:47,Q3 01:47,13.783333333333333,434,freethrow,MISS Poeltl Free Throw 2 of 2,[],Poeltl,77,71,Missed,False,False,1627751.0,,freethrow,substitution,,,,1627751|1628382|1628385|1628412|1628963|200752|201158|201942|201988|203992,1627751|200752|201158|201942|201988,1628382|1628385|1628412|1628963|203992,,,1610612759.0,21800197,True
3,PT01M47.00S,01:47,Q3 01:47,13.783333333333333,432,substitution,SUB out: D. DeRozan,[],DeRozan,77,71,,False,False,201942.0,,freethrow,substitution,,,,1627751|1628382|1628385|1628412|1628963|200752|201158|201988|203992,1627751|200752|201158|201988,1628382|1628385|1628412|1628963|203992,,,1610612759.0,21800197,False
3,PT01M47.00S,01:47,Q3 01:47,13.783333333333333,433,substitution,SUB in: D. Bertans,[],Bertans,77,71,,False,False,202722.0,,substitution,rebound,,,,1627751|1628382|1628385|1628412|1628963|200752|201158|201988|202722|203992,1627751|200752|201158|201988|202722,1628382|1628385|1628412|1628963|203992,,,1610612759.0,21800197,True
3,PT01M44.00S,01:44,Q3 01:44,13.733333333333334,435,rebound,Giles III REBOUND (Off:1 Def:3),[],Giles III,77,71,,False,False,1628385.0,,substitution,foul,,,,1627751|1628382|1628385|1628412|1628963|200752|201158|201988|202722|203992,1628382|1628385|1628412|1628963|203992,1627751|200752|201158|201988|202722,,,1610612758.0,21800197,True
3,PT01M34.00S,01:34,Q3 01:34,13.566666666666666,436,foul,Giles III OFF.Foul (P3) (M.Lindsay),['inpenalty'],Giles III,77,71,,False,False,1628385.0,,rebound,turnover,200752.0,,,1627751|1628382|1628385|1628412|1628963|200752|201158|201988|202722|203992,1628382|1628385|1628412|1628963|203992,1627751|200752|201158|201988|202722,,,1610612758.0,21800197,True
3,PT01M34.00S,01:34,Q3 01:34,13.566666666666666,438,turnover,Giles III Offensive Foul Turnover (P2.T8),[],Giles III,77,71,,False,False,1628385.0,,foul,2pt made,,,,1627751|1628382|1628385|1628412|1628963|200752|201158|201988|202722|203992,1628382|1628385|1628412|1628963|203992,1627751|200752|201158|201988|202722,,,1610612758.0,21800197,True
3,PT01M18.00S,01:18,Q3 01:18,13.3,439,2pt,Gay 18' Turnaround Fadeaway (12 PTS),[],Gay,77,73,Made,True,False,200752.0,,turnover,2pt missed,,,,1627751|1628382|1628385|1628412|1628963|200752|201158|201988|202722|203992,1627751|200752|201158|201988|202722,1628382|1628385|1628412|1628963|203992,-158.0,91.0,1610612759.0,21800197,True
3,PT01M02.00S,01:02,Q3 01:02,13.033333333333333,440,2pt,MISS Giles III 16' Jump Shot,[],Giles III,77,73,Missed,True,False,1628385.0,,2pt made,rebound,,,,1627751|1628382|1628385|1628412|1628963|200752|201158|201988|202722|203992,1628382|1628385|1628412|1628963|203992,1627751|200752|201158|201988|202722,152.0,57.0,1610612758.0,21800197,True
3,PT00M58.70S,00:58,Q3 00:58,12.978333333333333,441,rebound,Gay REBOUND (Off:2 Def:3),[],Gay,77,73,,False,False,200752.0,,2pt missed,turnover,,,,1627751|1628382|1628385|1628412|1628963|200752|201158|201988|202722|203992,1627751|200752|201158|201988|202722,1628382|1628385|1628412|1628963|203992,,,1610612759.0,21800197,True
3,PT00M58.70S,00:58,Q3 00:58,12.978333333333333,442,turnover,Gay Bad Pass Turnover (P1.T10),[],Gay,77,73,,False,False,200752.0,,rebound,steal,,,,1627751|1628382|1628385|1628412|1628963|200752|201158|201988|202722|203992,1627751|200752|201158|201988|202722,1628382|1628385|1628412|1628963|203992,,,1610612759.0,21800197,True
3,PT00M58.70S,00:58,Q3 00:58,12.978333333333333,442,steal,Jackson STEAL (1 STL),[],Jackson,77,73,,False,False,1628382.0,,turnover,3pt missed,,1628382.0,,1627751|1628382|1628385|1628412|1628963|200752|201158|201988|202722|203992,1628382|1628385|1628412|1628963|203992,1627751|200752|201158|201988|202722,,,1610612758.0,21800197,True
3,PT00M54.10S,00:54,Q3 00:54,12.901666666666667,444,3pt,MISS Bogdanovic 25' 3PT Jump Shot,[],Bogdanovic,77,73,Missed,True,False,203992.0,,steal,rebound,,,,1627751|1628382|1628385|1628412|1628963|200752|201158|201988|202722|203992,1628382|1628385|1628412|1628963|203992,1627751|200752|201158|201988|202722,231.0,94.0,1610612758.0,21800197,True
3,PT00M50.00S,00:50,Q3 00:50,12.833333333333334,445,rebound,Poeltl REBOUND (Off:0 Def:4),[],Poeltl,77,73,,False,False,1627751.0,,3pt missed,3pt made,,,,1627751|1628382|1628385|1628412|1628963|200752|201158|201988|202722|203992,1627751|200752|201158|201988|202722,1628382|1628385|1628412|1628963|203992,,,1610612759.0,21800197,True
3,PT00M46.90S,00:46,Q3 00:46,12.781666666666666,446,3pt,Bertans 3PT Jump Shot (3 PTS) (Belinelli 1 AST),[],Bertans,77,76,Made,True,True,202722.0,201158.0,rebound,2pt missed,,,,1627751|1628382|1628385|1628412|1628963|200752|201158|201988|202722|203992,1627751|200752|201158|201988|202722,1628382|1628385|1628412|1628963|203992,230.0,17.0,1610612759.0,21800197,True
3,PT00M29.60S,00:29,Q3 00:29,12.493333333333334,448,2pt,MISS Jackson 18' Jump Shot,[],Jackson,77,76,Missed,True,False,1628382.0,,3pt made,rebound,,,,1627751|1628382|1628385|1628412|1628963|200752|201158|201988|202722|203992,1628382|1628385|1628412|1628963|203992,1627751|200752|201158|201988|202722,-172.0,58.0,1610612758.0,21800197,True
3,PT00M25.70S,00:25,Q3 00:25,12.428333333333333,449,rebound,Gay REBOUND (Off:2 Def:4),[],Gay,77,76,,False,False,200752.0,,2pt missed,2pt missed,,,,1627751|1628382|1628385|1628412|1628963|200752|201158|201988|202722|203992,1627751|200752|201158|201988|202722,1628382|1628385|1628412|1628963|203992,,,1610612759.0,21800197,True
3,PT00M07.00S,00:07,Q3 00:07,12.116666666666667,450,2pt,MISS Gay 20' Jump Shot,[],Gay,77,76,Missed,True,False,200752.0,,rebound,rebound,,,,1627751|1628382|1628385|1628412|1628963|200752|201158|201988|202722|203992,1627751|200752|201158|201988|202722,1628382|1628385|1628412|1628963|203992,-79.0,179.0,1610612759.0,21800197,True
3,PT00M03.50S,00:03,Q3 00:03,12.058333333333334,451,rebound,Giles III REBOUND (Off:1 Def:4),[],Giles III,77,76,,False,False,1628385.0,,2pt missed,3pt missed,,,,1627751|1628382|1628385|1628412|1628963|200752|201158|201988|202722|203992,1628382|1628385|1628412|1628963|203992,1627751|200752|201158|201988|202722,,,1610612758.0,21800197,True
3,PT00M00.00S,00:00,Q3 00:00,12.0,452,3pt,MISS Bogdanovic 28' 3PT Jump Bank Shot,[],Bogdanovic,77,76,Missed,True,False,203992.0,,rebound,rebound,,,,1627751|1628382|1628385|1628412|1628963|200752|201158|201988|202722|203992,1628382|1628385|1628412|1628963|203992,1627751|200752|201158|201988|202722,96.0,262.0,1610612758.0,21800197,True
3,PT00M00.00S,00:00,Q3 00:00,12.0,453,rebound,TEAM offensive REBOUND,['team'],,77,76,,False,False,0.0,,3pt missed,period,,,,1627751|1628382|1628385|1628412|1628963|200752|201158|201988|202722|203992,1628382|1628385|1628412|1628963|203992,1627751|200752|201158|201988|202722,,,1610612758.0,21800197,True
3,PT00M00.00S,00:00,Q3 00:00,12.0,454,period,End of 3rd Period (11:42 PM EST),[],,77,76,,False,False,0.0,,rebound,period,,,,1627751|1628382|1628385|1628412|1628963|200752|201158|201988|202722|203992,1628382|1628385|1628412|1628963|203992,1627751|200752|201158|201988|202722,,,1610612758.0,21800197,True
4,PT12M00.00S,12:00,Q4 12:00,12.0,455,period,Start of 4th Period (11:45 PM EST),[],,77,76,,False,False,0.0,,period,2pt made,,,,1627751|1628382|1628385|1628412|1628963|200752|201158|201988|202722|203992,1628382|1628385|1628412|1628963|203992,1627751|200752|201158|201988|202722,,,1610612758.0,21800197,True
4,PT11M40.00S,11:40,Q4 11:40,11.666666666666666,456,2pt,Bogdanovic 22' Jump Shot (15 PTS) (Giles III 1 AST),[],Bogdanovic,79,76,Made,True,True,203992.0,1628385.0,period,3pt missed,,,,1627751|1628382|1628385|1628412|1628963|200752|201158|201988|202722|203992,1628382|1628385|1628412|1628963|203992,1627751|200752|201158|201988|202722,-155.0,155.0,1610612758.0,21800197,True
4,PT11M28.00S,11:28,Q4 11:28,11.466666666666667,457,3pt,MISS Belinelli 25' 3PT Jump Shot,[],Belinelli,79,76,Missed,True,False,201158.0,,2pt made,rebound,,,,1627751|1628382|1628385|1628412|1628963|200752|201158|201988|202722|203992,1627751|200752|201158|201988|202722,1628382|1628385|1628412|1628963|203992,146.0,204.0,1610612759.0,21800197,True
4,PT11M23.00S,11:23,Q4 11:23,11.383333333333333,458,rebound,Jackson REBOUND (Off:0 Def:4),[],Jackson,79,76,,False,False,1628382.0,,3pt missed,2pt missed,,,,1627751|1628382|1628385|1628412|1628963|200752|201158|201988|202722|203992,1628382|1628385|1628412|1628963|203992,1627751|200752|201158|201988|202722,,,1610612758.0,21800197,True
4,PT11M16.00S,11:16,Q4 11:16,11.266666666666667,459,2pt,MISS Bogdanovic 21' Step Back Jump Shot,[],Bogdanovic,79,76,Missed,True,False,203992.0,,rebound,rebound,,,,1627751|1628382|1628385|1628412|1628963|200752|201158|201988|202722|203992,1628382|1628385|1628412|1628963|203992,1627751|200752|201158|201988|202722,202.0,47.0,1610612758.0,21800197,True
4,PT11M16.00S,11:16,Q4 11:16,11.266666666666667,460,rebound,TEAM defensive REBOUND,['team'],,79,76,,False,False,0.0,,2pt missed,3pt missed,,,,1627751|1628382|1628385|1628412|1628963|200752|201158|201988|202722|203992,1627751|200752|201158|201988|202722,1628382|1628385|1628412|1628963|203992,,,1610612759.0,21800197,True
4,PT10M59.00S,10:59,Q4 10:59,10.983333333333333,462,3pt,MISS Mills 25' 3PT Jump Shot,[],Mills,79,76,Missed,True,False,201988.0,,rebound,rebound,,,,1627751|1628382|1628385|1628412|1628963|200752|201158|201988|202722|203992,1627751|200752|201158|201988|202722,1628382|1628385|1628412|1628963|203992,-7.0,249.0,1610612759.0,21800197,True
4,PT10M58.00S,10:58,Q4 10:58,10.966666666666667,463,rebound,TEAM offensive REBOUND,['team'],,79,76,,False,False,0.0,,3pt missed,foul,,,,1627751|1628382|1628385|1628412|1628963|200752|201158|201988|202722|203992,1627751|200752|201158|201988|202722,1628382|1628385|1628412|1628963|203992,,,1610612759.0,21800197,True
4,PT10M58.00S,10:58,Q4 10:58,10.966666666666667,464,foul,Jackson L.B.FOUL (P1.T1) (C.Washington),[],Jackson,79,76,,False,False,1628382.0,,rebound,2pt made,200752.0,,,1627751|1628382|1628385|1628412|1628963|200752|201158|201988|202722|203992,1628382|1628385|1628412|1628963|203992,1627751|200752|201158|201988|202722,,,1610612758.0,21800197,True
4,PT10M49.00S,10:49,Q4 10:49,10.816666666666666,466,2pt,Gay 7' Driving Floating Jump Shot (14 PTS),['pointsinthepaint'],Gay,79,78,Made,True,False,200752.0,,foul,2pt missed,,,,1627751|1628382|1628385|1628412|1628963|200752|201158|201988|202722|203992,1627751|200752|201158|201988|202722,1628382|1628385|1628412|1628963|203992,-71.0,20.0,1610612759.0,21800197,True
4,PT10M38.00S,10:38,Q4 10:38,10.633333333333333,467,2pt,MISS Giles III 7' Driving Layup,['pointsinthepaint'],Giles III,79,78,Missed,True,False,1628385.0,,2pt made,rebound,,,,1627751|1628382|1628385|1628412|1628963|200752|201158|201988|202722|203992,1628382|1628385|1628412|1628963|203992,1627751|200752|201158|201988|202722,65.0,1.0,1610612758.0,21800197,True
4,PT10M35.00S,10:35,Q4 10:35,10.583333333333334,468,rebound,Gay REBOUND (Off:2 Def:5),[],Gay,79,78,,False,False,200752.0,,2pt missed,turnover,,,,1627751|1628382|1628385|1628412|1628963|200752|201158|201988|202722|203992,1627751|200752|201158|201988|202722,1628382|1628385|1628412|1628963|203992,,,1610612759.0,21800197,True
4,PT10M33.00S,10:33,Q4 10:33,10.55,469,turnover,Bertans Out of Bounds - Bad Pass Turnover Turnover (P1.T11),[],Bertans,79,78,,False,False,202722.0,,rebound,substitution,,,,1627751|1628382|1628385|1628412|1628963|200752|201158|201988|202722|203992,1627751|200752|201158|201988|202722,1628382|1628385|1628412|1628963|203992,,,1610612759.0,21800197,True
4,PT10M33.00S,10:33,Q4 10:33,10.55,470,substitution,SUB out: P. Mills,[],Mills,79,78,,False,False,201988.0,,turnover,substitution,,,,1627751|1628382|1628385|1628412|1628963|200752|201158|202722|203992,1627751|200752|201158|202722,1628382|1628385|1628412|1628963|203992,,,1610612759.0,21800197,False
4,PT10M33.00S,10:33,Q4 10:33,10.55,471,substitution,SUB in: D. White,[],White,79,78,,False,False,1628401.0,,substitution,foul,,,,1627751|1628382|1628385|1628401|1628412|1628963|200752|201158|202722|203992,1627751|1628401|200752|201158|202722,1628382|1628385|1628412|1628963|203992,,,1610612759.0,21800197,True
4,PT10M17.00S,10:17,Q4 10:17,10.283333333333333,472,foul,Bagley III OFF.Foul (P2) (M.Lindsay),[],Bagley III,79,78,,False,False,1628963.0,,substitution,turnover,1628401.0,,,1627751|1628382|1628385|1628401|1628412|1628963|200752|201158|202722|203992,1628382|1628385|1628412|1628963|203992,1627751|1628401|200752|201158|202722,,,1610612758.0,21800197,True
4,PT10M17.00S,10:17,Q4 10:17,10.283333333333333,474,turnover,Bagley III Offensive Foul Turnover (P3.T9),[],Bagley III,79,78,,False,False,1628963.0,,foul,substitution,,,,1627751|1628382|1628385|1628401|1628412|1628963|200752|201158|202722|203992,1628382|1628385|1628412|1628963|203992,1627751|1628401|200752|201158|202722,,,1610612758.0,21800197,True
4,PT10M17.00S,10:17,Q4 10:17,10.283333333333333,475,substitution,SUB out: R. Gay,[],Gay,79,78,,False,False,200752.0,,turnover,substitution,,,,1627751|1628382|1628385|1628401|1628412|1628963|201158|202722|203992,1627751|1628401|201158|202722,1628382|1628385|1628412|1628963|203992,,,1610612759.0,21800197,False
4,PT10M17.00S,10:17,Q4 10:17,10.283333333333333,476,substitution,SUB in: D. Cunningham,[],Cunningham,79,78,,False,False,201967.0,,substitution,2pt made,,,,1627751|1628382|1628385|1628401|1628412|1628963|201158|201967|202722|203992,1627751|1628401|201158|201967|202722,1628382|1628385|1628412|1628963|203992,,,1610612759.0,21800197,True
4,PT09M59.00S,09:59,Q4 09:59,9.983333333333333,478,2pt,White 21' Jump Shot (9 PTS),[],White,79,80,Made,True,False,1628401.0,,substitution,2pt made,,,,1627751|1628382|1628385|1628401|1628412|1628963|201158|201967|202722|203992,1627751|1628401|201158|201967|202722,1628382|1628385|1628412|1628963|203992,-111.0,178.0,1610612759.0,21800197,True
4,PT09M36.00S,09:36,Q4 09:36,9.6,479,2pt,Giles III 7' Hook Shot (10 PTS),['pointsinthepaint'],Giles III,81,80,Made,True,False,1628385.0,,2pt made,3pt missed,,,,1627751|1628382|1628385|1628401|1628412|1628963|201158|201967|202722|203992,1628382|1628385|1628412|1628963|203992,1627751|1628401|201158|201967|202722,17.0,73.0,1610612758.0,21800197,True
4,PT09M16.00S,09:16,Q4 09:16,9.266666666666667,480,3pt,MISS Bertans 25' 3PT Jump Shot,[],Bertans,81,80,Missed,True,False,202722.0,,2pt made,rebound,,,,1627751|1628382|1628385|1628401|1628412|1628963|201158|201967|202722|203992,1627751|1628401|201158|201967|202722,1628382|1628385|1628412|1628963|203992,205.0,149.0,1610612759.0,21800197,True
4,PT09M15.00S,09:15,Q4 09:15,9.25,481,rebound,TEAM defensive REBOUND,['team'],,81,80,,False,False,0.0,,3pt missed,foul,,,,1627751|1628382|1628385|1628401|1628412|1628963|201158|201967|202722|203992,1628382|1628385|1628412|1628963|203992,1627751|1628401|201158|201967|202722,,,1610612758.0,21800197,True
4,PT09M15.00S,09:15,Q4 09:15,9.25,482,foul,Poeltl L.B.FOUL (P2.T1) (C.Washington),[],Poeltl,81,80,,False,False,1627751.0,,rebound,substitution,203992.0,,,1627751|1628382|1628385|1628401|1628412|1628963|201158|201967|202722|203992,1627751|1628401|201158|201967|202722,1628382|1628385|1628412|1628963|203992,,,1610612759.0,21800197,True
4,PT09M15.00S,09:15,Q4 09:15,9.25,484,substitution,SUB out: J. Poeltl,[],Poeltl,81,80,,False,False,1627751.0,,foul,substitution,,,,1628382|1628385|1628401|1628412|1628963|201158|201967|202722|203992,1628401|201158|201967|202722,1628382|1628385|1628412|1628963|203992,,,1610612759.0,21800197,False
4,PT09M15.00S,09:15,Q4 09:15,9.25,485,substitution,SUB in: L. Aldridge,[],Aldridge,81,80,,False,False,200746.0,,substitution,3pt made,,,,1628382|1628385|1628401|1628412|1628963|200746|201158|201967|202722|203992,1628401|200746|201158|201967|202722,1628382|1628385|1628412|1628963|203992,,,1610612759.0,21800197,True
4,PT09M06.00S,09:06,Q4 09:06,9.1,486,3pt,Bogdanovic 24' 3PT Jump Shot (18 PTS) (Mason 5 AST),[],Bogdanovic,84,80,Made,True,False,203992.0,,substitution,timeout,,,,1628382|1628385|1628401|1628412|1628963|200746|201158|201967|202722|203992,1628382|1628385|1628412|1628963|203992,1628401|200746|201158|201967|202722,33.0,242.0,1610612758.0,21800197,True
4,PT09M05.00S,09:05,Q4 09:05,9.083333333333334,488,timeout,Spurs Timeout: Regular (Reg.5 Short 0),[],,84,80,,False,False,0.0,,3pt made,substitution,,,,1628382|1628385|1628401|1628412|1628963|200746|201158|201967|202722|203992,1628401|200746|201158|201967|202722,1628382|1628385|1628412|1628963|203992,,,1610612759.0,21800197,True
4,PT09M05.00S,09:05,Q4 09:05,9.083333333333334,490,substitution,SUB out: M. Belinelli,[],Belinelli,84,80,,False,False,201158.0,,timeout,substitution,,,,1628382|1628385|1628401|1628412|1628963|200746|201967|202722|203992,1628401|200746|201967|202722,1628382|1628385|1628412|1628963|203992,,,1610612759.0,21800197,False
4,PT09M05.00S,09:05,Q4 09:05,9.083333333333334,491,substitution,SUB in: B. Forbes,[],Forbes,84,80,,False,False,1627854.0,,substitution,turnover,,,,1627854|1628382|1628385|1628401|1628412|1628963|200746|201967|202722|203992,1627854|1628401|200746|201967|202722,1628382|1628385|1628412|1628963|203992,,,1610612759.0,21800197,True
4,PT08M47.00S,08:47,Q4 08:47,8.783333333333333,492,turnover,Forbes Bad Pass Turnover (P1.T12),[],Forbes,84,80,,False,False,1627854.0,,substitution,steal,,,,1627854|1628382|1628385|1628401|1628412|1628963|200746|201967|202722|203992,1627854|1628401|200746|201967|202722,1628382|1628385|1628412|1628963|203992,,,1610612759.0,21800197,True
4,PT08M47.00S,08:47,Q4 08:47,8.783333333333333,492,steal,Giles III STEAL (1 STL),[],Giles III,84,80,,False,False,1628385.0,,turnover,2pt missed,,1628385.0,,1627854|1628382|1628385|1628401|1628412|1628963|200746|201967|202722|203992,1628382|1628385|1628412|1628963|203992,1627854|1628401|200746|201967|202722,,,1610612758.0,21800197,True
4,PT08M36.00S,08:36,Q4 08:36,8.6,494,2pt,MISS Bogdanovic 7' Driving Floating Jump Shot,['pointsinthepaint'],Bogdanovic,84,80,Missed,True,False,203992.0,,steal,rebound,,,,1627854|1628382|1628385|1628401|1628412|1628963|200746|201967|202722|203992,1628382|1628385|1628412|1628963|203992,1627854|1628401|200746|201967|202722,65.0,1.0,1610612758.0,21800197,True
4,PT08M36.00S,08:36,Q4 08:36,8.6,495,rebound,Giles III REBOUND (Off:2 Def:4),[],Giles III,84,80,,False,False,1628385.0,,2pt missed,2pt made,,,,1627854|1628382|1628385|1628401|1628412|1628963|200746|201967|202722|203992,1628382|1628385|1628412|1628963|203992,1627854|1628401|200746|201967|202722,,,1610612758.0,21800197,True
4,PT08M34.00S,08:34,Q4 08:34,8.566666666666666,497,2pt,Bogdanovic 1' Layup (20 PTS) (Jackson 2 AST),['pointsinthepaint'],Bogdanovic,86,80,Made,True,True,203992.0,1628382.0,rebound,foul,,,,1627854|1628382|1628385|1628401|1628412|1628963|200746|201967|202722|203992,1628382|1628385|1628412|1628963|203992,1627854|1628401|200746|201967|202722,-11.0,8.0,1610612758.0,21800197,True
4,PT08M15.00S,08:15,Q4 08:15,8.25,499,foul,Giles III S.FOUL (P4.T2) (M.Lindsay),[],Giles III,86,80,,False,False,1628385.0,,2pt made,freethrow,1628401.0,,,1627854|1628382|1628385|1628401|1628412|1628963|200746|201967|202722|203992,1628382|1628385|1628412|1628963|203992,1627854|1628401|200746|201967|202722,,,1610612758.0,21800197,True
4,PT08M15.00S,08:15,Q4 08:15,8.25,501,freethrow,White Free Throw 1 of 2 (10 PTS),[],White,86,81,Made,False,False,1628401.0,,foul,freethrow,,,,1627854|1628382|1628385|1628401|1628412|1628963|200746|201967|202722|203992,1627854|1628401|200746|201967|202722,1628382|1628385|1628412|1628963|203992,,,1610612759.0,21800197,True
4,PT08M15.00S,08:15,Q4 08:15,8.25,508,freethrow,White Free Throw 2 of 2 (11 PTS),[],White,86,82,Made,False,False,1628401.0,,freethrow,substitution,,,,1627854|1628382|1628385|1628401|1628412|1628963|200746|201967|202722|203992,1627854|1628401|200746|201967|202722,1628382|1628385|1628412|1628963|203992,,,1610612759.0,21800197,True
4,PT08M15.00S,08:15,Q4 08:15,8.25,502,substitution,SUB out: F. Mason III,[],Mason III,86,81,,False,False,1628412.0,,freethrow,substitution,,,,1627854|1628382|1628385|1628401|1628963|200746|201967|202722|203992,1628382|1628385|1628963|203992,1627854|1628401|200746|201967|202722,,,1610612758.0,21800197,False
4,PT08M15.00S,08:15,Q4 08:15,8.25,503,substitution,SUB out: J. Jackson,[],Jackson,86,81,,False,False,1628382.0,,substitution,substitution,,,,1627854|1628385|1628401|1628963|200746|201967|202722|203992,1628385|1628963|203992,1627854|1628401|200746|201967|202722,,,1610612758.0,21800197,False
4,PT08M15.00S,08:15,Q4 08:15,8.25,504,substitution,SUB out: D. Bertans,[],Bertans,86,81,,False,False,202722.0,,substitution,substitution,,,,1627854|1628385|1628401|1628963|200746|201967|203992,1627854|1628401|200746|201967,1628385|1628963|203992,,,1610612759.0,21800197,False
4,PT08M15.00S,08:15,Q4 08:15,8.25,505,substitution,SUB in: D. Fox,[],Fox,86,81,,False,False,1628368.0,,substitution,substitution,,,,1627854|1628368|1628385|1628401|1628963|200746|201967|203992,1628368|1628385|1628963|203992,1627854|1628401|200746|201967,,,1610612758.0,21800197,False
4,PT08M15.00S,08:15,Q4 08:15,8.25,506,substitution,SUB in: B. Hield,[],Hield,86,81,,False,False,1627741.0,,substitution,substitution,,,,1627741|1627854|1628368|1628385|1628401|1628963|200746|201967|203992,1627741|1628368|1628385|1628963|203992,1627854|1628401|200746|201967,,,1610612758.0,21800197,False
4,PT08M15.00S,08:15,Q4 08:15,8.25,507,substitution,SUB in: D. DeRozan,[],DeRozan,86,81,,False,False,201942.0,,substitution,2pt missed,,,,1627741|1627854|1628368|1628385|1628401|1628963|200746|201942|201967|203992,1627854|1628401|200746|201942|201967,1627741|1628368|1628385|1628963|203992,,,1610612759.0,21800197,True
4,PT08M01.00S,08:01,Q4 08:01,8.016666666666667,509,2pt,MISS Bagley III 4' Layup,['pointsinthepaint'],Bagley III,86,82,Missed,True,False,1628963.0,,substitution,block,,,,1627741|1627854|1628368|1628385|1628401|1628963|200746|201942|201967|203992,1627741|1628368|1628385|1628963|203992,1627854|1628401|200746|201942|201967,-30.0,21.0,1610612758.0,21800197,True
4,PT08M01.00S,08:01,Q4 08:01,8.016666666666667,509,block,Aldridge BLOCK (2 BLK),[],Aldridge,86,82,,False,False,200746.0,,2pt missed,rebound,,,200746.0,1627741|1627854|1628368|1628385|1628401|1628963|200746|201942|201967|203992,1627854|1628401|200746|201942|201967,1627741|1628368|1628385|1628963|203992,,,1610612759.0,21800197,True
4,PT07M58.00S,07:58,Q4 07:58,7.966666666666667,511,rebound,Cunningham REBOUND (Off:4 Def:3),[],Cunningham,86,82,,False,False,201967.0,,block,2pt missed,,,,1627741|1627854|1628368|1628385|1628401|1628963|200746|201942|201967|203992,1627854|1628401|200746|201942|201967,1627741|1628368|1628385|1628963|203992,,,1610612759.0,21800197,True
4,PT07M48.00S,07:48,Q4 07:48,7.8,512,2pt,MISS DeRozan 20' Jump Shot,[],DeRozan,86,82,Missed,True,False,201942.0,,rebound,rebound,,,,1627741|1627854|1628368|1628385|1628401|1628963|200746|201942|201967|203992,1627854|1628401|200746|201942|201967,1627741|1628368|1628385|1628963|203992,35.0,201.0,1610612759.0,21800197,True
4,PT07M46.00S,07:46,Q4 07:46,7.766666666666667,513,rebound,Bagley III REBOUND (Off:2 Def:4),[],Bagley III,86,82,,False,False,1628963.0,,2pt missed,2pt made,,,,1627741|1627854|1628368|1628385|1628401|1628963|200746|201942|201967|203992,1627741|1628368|1628385|1628963|203992,1627854|1628401|200746|201942|201967,,,1610612758.0,21800197,True
4,PT07M38.00S,07:38,Q4 07:38,7.633333333333333,514,2pt,Giles III 1' Cutting Dunk Shot (12 PTS) (Fox 4 AST),['pointsinthepaint'],Giles III,88,82,Made,True,True,1628385.0,1628368.0,rebound,2pt missed,,,,1627741|1627854|1628368|1628385|1628401|1628963|200746|201942|201967|203992,1627741|1628368|1628385|1628963|203992,1627854|1628401|200746|201942|201967,-14.0,3.0,1610612758.0,21800197,True
4,PT07M18.00S,07:18,Q4 07:18,7.3,516,2pt,MISS White 2' Driving Layup,['pointsinthepaint'],White,88,82,Missed,True,False,1628401.0,,2pt made,rebound,,,,1627741|1627854|1628368|1628385|1628401|1628963|200746|201942|201967|203992,1627854|1628401|200746|201942|201967,1627741|1628368|1628385|1628963|203992,-8.0,20.0,1610612759.0,21800197,True
4,PT07M18.00S,07:18,Q4 07:18,7.3,517,rebound,Aldridge REBOUND (Off:3 Def:15),[],Aldridge,88,82,,False,False,200746.0,,2pt missed,foul,,,,1627741|1627854|1628368|1628385|1628401|1628963|200746|201942|201967|203992,1627854|1628401|200746|201942|201967,1627741|1628368|1628385|1628963|203992,,,1610612759.0,21800197,True
4,PT07M18.00S,07:18,Q4 07:18,7.3,518,foul,Giles III S.FOUL (P5.T3) (J.Phillips),[],Giles III,88,82,,False,False,1628385.0,,rebound,freethrow,200746.0,,,1627741|1627854|1628368|1628385|1628401|1628963|200746|201942|201967|203992,1627741|1628368|1628385|1628963|203992,1627854|1628401|200746|201942|201967,,,1610612758.0,21800197,True
4,PT07M18.00S,07:18,Q4 07:18,7.3,520,freethrow,Aldridge Free Throw 1 of 2 (11 PTS),[],Aldridge,88,83,Made,False,False,200746.0,,foul,freethrow,,,,1627741|1627854|1628368|1628385|1628401|1628963|200746|201942|201967|203992,1627854|1628401|200746|201942|201967,1627741|1628368|1628385|1628963|203992,,,1610612759.0,21800197,True
4,PT07M18.00S,07:18,Q4 07:18,7.3,523,freethrow,Aldridge Free Throw 2 of 2 (12 PTS),[],Aldridge,88,84,Made,False,False,200746.0,,freethrow,substitution,,,,1627741|1627854|1628368|1628385|1628401|1628963|200746|201942|201967|203992,1627854|1628401|200746|201942|201967,1627741|1628368|1628385|1628963|203992,,,1610612759.0,21800197,True
4,PT07M18.00S,07:18,Q4 07:18,7.3,521,substitution,SUB out: M. Bagley III,[],Bagley III,88,83,,False,False,1628963.0,,freethrow,substitution,,,,1627741|1627854|1628368|1628385|1628401|200746|201942|201967|203992,1627741|1628368|1628385|203992,1627854|1628401|200746|201942|201967,,,1610612758.0,21800197,False
4,PT07M18.00S,07:18,Q4 07:18,7.3,522,substitution,SUB in: N. Bjelica,[],Bjelica,88,83,,False,False,202357.0,,substitution,turnover,,,,1627741|1627854|1628368|1628385|1628401|200746|201942|201967|202357|203992,1627741|1628368|1628385|202357|203992,1627854|1628401|200746|201942|201967,,,1610612758.0,21800197,True
4,PT07M01.00S,07:01,Q4 07:01,7.016666666666667,524,turnover,Giles III Bad Pass Turnover (P3.T10),[],Giles III,88,84,,False,False,1628385.0,,substitution,steal,,,,1627741|1627854|1628368|1628385|1628401|200746|201942|201967|202357|203992,1627741|1628368|1628385|202357|203992,1627854|1628401|200746|201942|201967,,,1610612758.0,21800197,True
4,PT07M01.00S,07:01,Q4 07:01,7.016666666666667,524,steal,Forbes STEAL (1 STL),[],Forbes,88,84,,False,False,1627854.0,,turnover,2pt made,,1627854.0,,1627741|1627854|1628368|1628385|1628401|200746|201942|201967|202357|203992,1627854|1628401|200746|201942|201967,1627741|1628368|1628385|202357|203992,,,1610612759.0,21800197,True
4,PT06M56.00S,06:56,Q4 06:56,6.933333333333334,526,2pt,DeRozan 1' Running Reverse Layup (21 PTS) (Forbes 3 AST),['pointsinthepaint'],DeRozan,88,86,Made,True,True,201942.0,1627854.0,steal,foul,,,,1627741|1627854|1628368|1628385|1628401|200746|201942|201967|202357|203992,1627854|1628401|200746|201942|201967,1627741|1628368|1628385|202357|203992,3.0,13.0,1610612759.0,21800197,True
4,PT06M45.00S,06:45,Q4 06:45,6.75,528,foul,Cunningham P.FOUL (P3.T2) (C.Washington),[],Cunningham,88,86,,False,False,201967.0,,2pt made,timeout,1626161.0,,,1627741|1627854|1628368|1628385|1628401|200746|201942|201967|202357|203992,1627854|1628401|200746|201942|201967,1627741|1628368|1628385|202357|203992,,,1610612759.0,21800197,True
4,PT06M45.00S,06:45,Q4 06:45,6.75,534,timeout,KINGS Timeout: Regular (Full 4 Short 0),[],,88,86,,False,False,0.0,,foul,substitution,,,,1627741|1627854|1628368|1628385|1628401|200746|201942|201967|202357|203992,1627741|1628368|1628385|202357|203992,1627854|1628401|200746|201942|201967,,,1610612758.0,21800197,True
4,PT06M45.00S,06:45,Q4 06:45,6.75,530,substitution,SUB out: B. Bogdanovic,[],Bogdanovic,88,86,,False,False,203992.0,,timeout,substitution,,,,1627741|1627854|1628368|1628385|1628401|200746|201942|201967|202357,1627741|1628368|1628385|202357,1627854|1628401|200746|201942|201967,,,1610612758.0,21800197,False
4,PT06M45.00S,06:45,Q4 06:45,6.75,531,substitution,SUB out: H. Giles III,[],Giles III,88,86,,False,False,1628385.0,,substitution,substitution,,,,1627741|1627854|1628368|1628401|200746|201942|201967|202357,1627741|1628368|202357,1627854|1628401|200746|201942|201967,,,1610612758.0,21800197,False
4,PT06M45.00S,06:45,Q4 06:45,6.75,532,substitution,SUB in: W. Cauley-Stein,[],Cauley-Stein,88,86,,False,False,1626161.0,,substitution,substitution,,,,1626161|1627741|1627854|1628368|1628401|200746|201942|201967|202357,1626161|1627741|1628368|202357,1627854|1628401|200746|201942|201967,,,1610612758.0,21800197,False
4,PT06M45.00S,06:45,Q4 06:45,6.75,533,substitution,SUB in: I. Shumpert,[],Shumpert,88,86,,False,False,202697.0,,substitution,2pt made,,,,1626161|1627741|1627854|1628368|1628401|200746|201942|201967|202357|202697,1626161|1627741|1628368|202357|202697,1627854|1628401|200746|201942|201967,,,1610612758.0,21800197,True
4,PT06M39.00S,06:39,Q4 06:39,6.65,535,2pt,Cauley-Stein 15' Jump Shot (11 PTS) (Fox 5 AST),[],Cauley-Stein,90,86,Made,True,True,1626161.0,1628368.0,substitution,2pt made,,,,1626161|1627741|1627854|1628368|1628401|200746|201942|201967|202357|202697,1626161|1627741|1628368|202357|202697,1627854|1628401|200746|201942|201967,-25.0,143.0,1610612758.0,21800197,True
4,PT06M19.00S,06:19,Q4 06:19,6.316666666666666,537,2pt,DeRozan 19' Jump Shot (23 PTS),[],DeRozan,90,88,Made,True,False,201942.0,,2pt made,2pt missed,,,,1626161|1627741|1627854|1628368|1628401|200746|201942|201967|202357|202697,1627854|1628401|200746|201942|201967,1626161|1627741|1628368|202357|202697,-190.0,7.0,1610612759.0,21800197,True
4,PT06M08.00S,06:08,Q4 06:08,6.133333333333334,538,2pt,MISS Cauley-Stein 4' Hook Shot,['pointsinthepaint'],Cauley-Stein,90,88,Missed,True,False,1626161.0,,2pt made,block,,,,1626161|1627741|1627854|1628368|1628401|200746|201942|201967|202357|202697,1626161|1627741|1628368|202357|202697,1627854|1628401|200746|201942|201967,3.0,37.0,1610612758.0,21800197,True
4,PT06M08.00S,06:08,Q4 06:08,6.133333333333334,538,block,Aldridge BLOCK (3 BLK),[],Aldridge,90,88,,False,False,200746.0,,2pt missed,rebound,,,200746.0,1626161|1627741|1627854|1628368|1628401|200746|201942|201967|202357|202697,1627854|1628401|200746|201942|201967,1626161|1627741|1628368|202357|202697,,,1610612759.0,21800197,True
4,PT06M07.00S,06:07,Q4 06:07,6.116666666666666,541,rebound,TEAM defensive REBOUND,['team'],,90,88,,False,False,0.0,,block,2pt missed,,,,1626161|1627741|1627854|1628368|1628401|200746|201942|201967|202357|202697,1627854|1628401|200746|201942|201967,1626161|1627741|1628368|202357|202697,,,1610612759.0,21800197,True
4,PT05M48.00S,05:48,Q4 05:48,5.8,542,2pt,MISS White 16' Pullup Jump Shot,[],White,90,88,Missed,True,False,1628401.0,,rebound,rebound,,,,1626161|1627741|1627854|1628368|1628401|200746|201942|201967|202357|202697,1627854|1628401|200746|201942|201967,1626161|1627741|1628368|202357|202697,160.0,15.0,1610612759.0,21800197,True
4,PT05M45.00S,05:45,Q4 05:45,5.75,543,rebound,Shumpert REBOUND (Off:0 Def:2),[],Shumpert,90,88,,False,False,202697.0,,2pt missed,foul,,,,1626161|1627741|1627854|1628368|1628401|200746|201942|201967|202357|202697,1626161|1627741|1628368|202357|202697,1627854|1628401|200746|201942|201967,,,1610612758.0,21800197,True
4,PT05M28.00S,05:28,Q4 05:28,5.466666666666667,544,foul,Fox Offensive Charge Foul (P1.T4) (C.Washington),[],Fox,90,88,,False,False,1628368.0,,rebound,turnover,200746.0,,,1626161|1627741|1627854|1628368|1628401|200746|201942|201967|202357|202697,1626161|1627741|1628368|202357|202697,1627854|1628401|200746|201942|201967,,,1610612758.0,21800197,True
4,PT05M28.00S,05:28,Q4 05:28,5.466666666666667,546,turnover,Fox Offensive Foul Turnover (P3.T11),[],Fox,90,88,,False,False,1628368.0,,foul,2pt made,,,,1626161|1627741|1627854|1628368|1628401|200746|201942|201967|202357|202697,1626161|1627741|1628368|202357|202697,1627854|1628401|200746|201942|201967,,,1610612758.0,21800197,True
4,PT05M11.00S,05:11,Q4 05:11,5.183333333333334,547,2pt,Aldridge 16' Turnaround Fadeaway (14 PTS) (Forbes 4 AST),[],Aldridge,90,90,Made,True,True,200746.0,1627854.0,turnover,2pt made,,,,1626161|1627741|1627854|1628368|1628401|200746|201942|201967|202357|202697,1627854|1628401|200746|201942|201967,1626161|1627741|1628368|202357|202697,-149.0,46.0,1610612759.0,21800197,True
4,PT05M01.00S,05:01,Q4 05:01,5.016666666666667,549,2pt,Shumpert 16' Pullup Jump Shot (2 PTS),[],Shumpert,92,90,Made,True,False,202697.0,,2pt made,turnover,,,,1626161|1627741|1627854|1628368|1628401|200746|201942|201967|202357|202697,1626161|1627741|1628368|202357|202697,1627854|1628401|200746|201942|201967,147.0,62.0,1610612758.0,21800197,True
4,PT04M44.00S,04:44,Q4 04:44,4.733333333333333,550,turnover,DeRozan Lost Ball Turnover (P4.T13),[],DeRozan,92,90,,False,False,201942.0,,2pt made,steal,,,,1626161|1627741|1627854|1628368|1628401|200746|201942|201967|202357|202697,1627854|1628401|200746|201942|201967,1626161|1627741|1628368|202357|202697,,,1610612759.0,21800197,True
4,PT04M44.00S,04:44,Q4 04:44,4.733333333333333,550,steal,Shumpert STEAL (3 STL),[],Shumpert,92,90,,False,False,202697.0,,turnover,3pt made,,202697.0,,1626161|1627741|1627854|1628368|1628401|200746|201942|201967|202357|202697,1626161|1627741|1628368|202357|202697,1627854|1628401|200746|201942|201967,,,1610612758.0,21800197,True
4,PT04M38.00S,04:38,Q4 04:38,4.633333333333333,552,3pt,Fox 25' 3PT Jump Shot (17 PTS) (Hield 4 AST),[],Fox,95,90,Made,True,True,1628368.0,1627741.0,steal,2pt missed,,,,1626161|1627741|1627854|1628368|1628401|200746|201942|201967|202357|202697,1626161|1627741|1628368|202357|202697,1627854|1628401|200746|201942|201967,161.0,187.0,1610612758.0,21800197,True
4,PT04M15.00S,04:15,Q4 04:15,4.25,554,2pt,MISS DeRozan 17' Jump Shot,[],DeRozan,95,90,Missed,True,False,201942.0,,3pt made,rebound,,,,1626161|1627741|1627854|1628368|1628401|200746|201942|201967|202357|202697,1627854|1628401|200746|201942|201967,1626161|1627741|1628368|202357|202697,79.0,155.0,1610612759.0,21800197,True
4,PT04M10.00S,04:10,Q4 04:10,4.166666666666667,555,rebound,Bjelica REBOUND (Off:1 Def:4),[],Bjelica,95,90,,False,False,202357.0,,2pt missed,3pt made,,,,1626161|1627741|1627854|1628368|1628401|200746|201942|201967|202357|202697,1626161|1627741|1628368|202357|202697,1627854|1628401|200746|201942|201967,,,1610612758.0,21800197,True
4,PT04M06.00S,04:06,Q4 04:06,4.1,556,3pt,Bjelica 25' 3PT Jump Shot (11 PTS) (Fox 6 AST),[],Bjelica,98,90,Made,True,True,202357.0,1628368.0,rebound,timeout,,,,1626161|1627741|1627854|1628368|1628401|200746|201942|201967|202357|202697,1626161|1627741|1628368|202357|202697,1627854|1628401|200746|201942|201967,-145.0,208.0,1610612758.0,21800197,True
4,PT04M05.00S,04:05,Q4 04:05,4.083333333333333,558,timeout,Spurs Timeout: Regular (Reg.6 Short 0),[],,98,90,,False,False,0.0,,3pt made,substitution,,,,1626161|1627741|1627854|1628368|1628401|200746|201942|201967|202357|202697,1627854|1628401|200746|201942|201967,1626161|1627741|1628368|202357|202697,,,1610612759.0,21800197,True
4,PT04M05.00S,04:05,Q4 04:05,4.083333333333333,559,substitution,SUB out: D. Cunningham,[],Cunningham,98,90,,False,False,201967.0,,timeout,substitution,,,,1626161|1627741|1627854|1628368|1628401|200746|201942|202357|202697,1627854|1628401|200746|201942,1626161|1627741|1628368|202357|202697,,,1610612759.0,21800197,False
4,PT04M05.00S,04:05,Q4 04:05,4.083333333333333,560,substitution,SUB in: R. Gay,[],Gay,98,90,,False,False,200752.0,,substitution,turnover,,,,1626161|1627741|1627854|1628368|1628401|200746|200752|201942|202357|202697,1627854|1628401|200746|200752|201942,1626161|1627741|1628368|202357|202697,,,1610612759.0,21800197,True
4,PT03M44.00S,03:44,Q4 03:44,3.7333333333333334,561,turnover,Aldridge Lost Ball Turnover (P3.T14),[],Aldridge,98,90,,False,False,200746.0,,substitution,steal,,,,1626161|1627741|1627854|1628368|1628401|200746|200752|201942|202357|202697,1627854|1628401|200746|200752|201942,1626161|1627741|1628368|202357|202697,,,1610612759.0,21800197,True
4,PT03M44.00S,03:44,Q4 03:44,3.7333333333333334,561,steal,Bjelica STEAL (1 STL),[],Bjelica,98,90,,False,False,202357.0,,turnover,3pt missed,,202357.0,,1626161|1627741|1627854|1628368|1628401|200746|200752|201942|202357|202697,1626161|1627741|1628368|202357|202697,1627854|1628401|200746|200752|201942,,,1610612758.0,21800197,True
4,PT03M39.00S,03:39,Q4 03:39,3.65,563,3pt,MISS Hield 25' 3PT Jump Shot,[],Hield,98,90,Missed,True,False,1627741.0,,steal,rebound,,,,1626161|1627741|1627854|1628368|1628401|200746|200752|201942|202357|202697,1626161|1627741|1628368|202357|202697,1627854|1628401|200746|200752|201942,210.0,137.0,1610612758.0,21800197,True
4,PT03M36.00S,03:36,Q4 03:36,3.6,564,rebound,Gay REBOUND (Off:2 Def:6),[],Gay,98,90,,False,False,200752.0,,3pt missed,substitution,,,,1626161|1627741|1627854|1628368|1628401|200746|200752|201942|202357|202697,1627854|1628401|200746|200752|201942,1626161|1627741|1628368|202357|202697,,,1610612759.0,21800197,True
4,PT03M20.00S,03:20,Q4 03:20,3.3333333333333335,567,substitution,SUB out: D. White,[],White,98,90,,False,False,1628401.0,,rebound,substitution,,,,1626161|1627741|1627854|1628368|200746|200752|201942|202357|202697,1627854|200746|200752|201942,1626161|1627741|1628368|202357|202697,,,1610612759.0,21800197,False
4,PT03M20.00S,03:20,Q4 03:20,3.3333333333333335,568,substitution,SUB in: P. Mills,[],Mills,98,90,,False,False,201988.0,,substitution,2pt missed,,,,1626161|1627741|1627854|1628368|200746|200752|201942|201988|202357|202697,1627854|200746|200752|201942|201988,1626161|1627741|1628368|202357|202697,,,1610612759.0,21800197,True
4,PT03M16.00S,03:16,Q4 03:16,3.2666666666666666,569,2pt,MISS Aldridge 20' Pullup Jump Shot,[],Aldridge,98,90,Missed,True,False,200746.0,,substitution,rebound,,,,1626161|1627741|1627854|1628368|200746|200752|201942|201988|202357|202697,1627854|200746|200752|201942|201988,1626161|1627741|1628368|202357|202697,24.0,194.0,1610612759.0,21800197,True
4,PT03M13.00S,03:13,Q4 03:13,3.216666666666667,570,rebound,Fox REBOUND (Off:0 Def:2),[],Fox,98,90,,False,False,1628368.0,,2pt missed,3pt missed,,,,1626161|1627741|1627854|1628368|200746|200752|201942|201988|202357|202697,1626161|1627741|1628368|202357|202697,1627854|200746|200752|201942|201988,,,1610612758.0,21800197,True
4,PT02M53.00S,02:53,Q4 02:53,2.8833333333333333,571,3pt,MISS Hield 25' 3PT Jump Shot,[],Hield,98,90,Missed,True,False,1627741.0,,rebound,rebound,,,,1626161|1627741|1627854|1628368|200746|200752|201942|201988|202357|202697,1626161|1627741|1628368|202357|202697,1627854|200746|200752|201942|201988,-62.0,241.0,1610612758.0,21800197,True
4,PT02M50.00S,02:50,Q4 02:50,2.8333333333333335,572,rebound,Gay REBOUND (Off:2 Def:7),[],Gay,98,90,,False,False,200752.0,,3pt missed,turnover,,,,1626161|1627741|1627854|1628368|200746|200752|201942|201988|202357|202697,1627854|200746|200752|201942|201988,1626161|1627741|1628368|202357|202697,,,1610612759.0,21800197,True
4,PT02M40.00S,02:40,Q4 02:40,2.6666666666666665,573,turnover,Aldridge Lost Ball Turnover (P4.T15),[],Aldridge,98,90,,False,False,200746.0,,rebound,steal,,,,1626161|1627741|1627854|1628368|200746|200752|201942|201988|202357|202697,1627854|200746|200752|201942|201988,1626161|1627741|1628368|202357|202697,,,1610612759.0,21800197,True
4,PT02M40.00S,02:40,Q4 02:40,2.6666666666666665,573,steal,Fox STEAL (2 STL),[],Fox,98,90,,False,False,1628368.0,,turnover,2pt made,,1628368.0,,1626161|1627741|1627854|1628368|200746|200752|201942|201988|202357|202697,1626161|1627741|1628368|202357|202697,1627854|200746|200752|201942|201988,,,1610612758.0,21800197,True
4,PT02M38.00S,02:38,Q4 02:38,2.6333333333333333,575,2pt,Cauley-Stein 1' Running Alley Oop Dunk Shot (13 PTS) (Fox 7 AST),['pointsinthepaint'],Cauley-Stein,100,90,Made,True,True,1626161.0,1628368.0,steal,3pt missed,,,,1626161|1627741|1627854|1628368|200746|200752|201942|201988|202357|202697,1626161|1627741|1628368|202357|202697,1627854|200746|200752|201942|201988,6.0,6.0,1610612758.0,21800197,True
4,PT02M27.00S,02:27,Q4 02:27,2.45,577,3pt,MISS Gay 26' 3PT Jump Shot,[],Gay,100,90,Missed,True,False,200752.0,,2pt made,rebound,,,,1626161|1627741|1627854|1628368|200746|200752|201942|201988|202357|202697,1627854|200746|200752|201942|201988,1626161|1627741|1628368|202357|202697,2.0,258.0,1610612759.0,21800197,True
4,PT02M23.00S,02:23,Q4 02:23,2.3833333333333333,578,rebound,Fox REBOUND (Off:0 Def:3),[],Fox,100,90,,False,False,1628368.0,,3pt missed,turnover,,,,1626161|1627741|1627854|1628368|200746|200752|201942|201988|202357|202697,1626161|1627741|1628368|202357|202697,1627854|200746|200752|201942|201988,,,1610612758.0,21800197,True
4,PT02M20.00S,02:20,Q4 02:20,2.3333333333333335,579,turnover,Fox Bad Pass Turnover (P4.T12),[],Fox,100,90,,False,False,1628368.0,,rebound,steal,,,,1626161|1627741|1627854|1628368|200746|200752|201942|201988|202357|202697,1626161|1627741|1628368|202357|202697,1627854|200746|200752|201942|201988,,,1610612758.0,21800197,True
4,PT02M20.00S,02:20,Q4 02:20,2.3333333333333335,579,steal,Mills STEAL (2 STL),[],Mills,100,90,,False,False,201988.0,,turnover,foul,,201988.0,,1626161|1627741|1627854|1628368|200746|200752|201942|201988|202357|202697,1627854|200746|200752|201942|201988,1626161|1627741|1628368|202357|202697,,,1610612759.0,21800197,True
4,PT02M20.00S,02:20,Q4 02:20,2.3333333333333335,580,foul,Fox P.FOUL (P2.PN) (M.Lindsay),['inpenalty'],Fox,100,90,,False,False,1628368.0,,steal,substitution,1627854.0,,,1626161|1627741|1627854|1628368|200746|200752|201942|201988|202357|202697,1626161|1627741|1628368|202357|202697,1627854|200746|200752|201942|201988,,,1610612758.0,21800197,True
4,PT02M20.00S,02:20,Q4 02:20,2.3333333333333335,583,substitution,SUB out: B. Hield,[],Hield,100,90,,False,False,1627741.0,,foul,substitution,,,,1626161|1627854|1628368|200746|200752|201942|201988|202357|202697,1626161|1628368|202357|202697,1627854|200746|200752|201942|201988,,,1610612758.0,21800197,False
4,PT02M20.00S,02:20,Q4 02:20,2.3333333333333335,584,substitution,SUB in: B. Bogdanovic,[],Bogdanovic,100,90,,False,False,203992.0,,substitution,3pt missed,,,,1626161|1627854|1628368|200746|200752|201942|201988|202357|202697|203992,1626161|1628368|202357|202697|203992,1627854|200746|200752|201942|201988,,,1610612758.0,21800197,True
4,PT02M08.00S,02:08,Q4 02:08,2.1333333333333333,585,3pt,MISS Forbes 26' 3PT Jump Shot,[],Forbes,100,90,Missed,True,False,1627854.0,,substitution,rebound,,,,1626161|1627854|1628368|200746|200752|201942|201988|202357|202697|203992,1627854|200746|200752|201942|201988,1626161|1628368|202357|202697|203992,70.0,247.0,1610612759.0,21800197,True
4,PT02M03.00S,02:03,Q4 02:03,2.05,586,rebound,Cauley-Stein REBOUND (Off:0 Def:13),[],Cauley-Stein,100,90,,False,False,1626161.0,,3pt missed,3pt missed,,,,1626161|1627854|1628368|200746|200752|201942|201988|202357|202697|203992,1626161|1628368|202357|202697|203992,1627854|200746|200752|201942|201988,,,1610612758.0,21800197,True
4,PT01M47.00S,01:47,Q4 01:47,1.7833333333333332,587,3pt,MISS Bogdanovic 27' 3PT Jump Shot,[],Bogdanovic,100,90,Missed,True,False,203992.0,,rebound,rebound,,,,1626161|1627854|1628368|200746|200752|201942|201988|202357|202697|203992,1626161|1628368|202357|202697|203992,1627854|200746|200752|201942|201988,49.0,266.0,1610612758.0,21800197,True
4,PT01M45.00S,01:45,Q4 01:45,1.75,588,rebound,TEAM defensive REBOUND,['team'],,100,90,,False,False,0.0,,3pt missed,substitution,,,,1626161|1627854|1628368|200746|200752|201942|201988|202357|202697|203992,1627854|200746|200752|201942|201988,1626161|1628368|202357|202697|203992,,,1610612759.0,21800197,True
4,PT01M45.00S,01:45,Q4 01:45,1.75,590,substitution,SUB out: R. Gay,[],Gay,100,90,,False,False,200752.0,,rebound,substitution,,,,1626161|1627854|1628368|200746|201942|201988|202357|202697|203992,1627854|200746|201942|201988,1626161|1628368|202357|202697|203992,,,1610612759.0,21800197,False
4,PT01M45.00S,01:45,Q4 01:45,1.75,591,substitution,SUB in: D. Bertans,[],Bertans,100,90,,False,False,202722.0,,substitution,3pt missed,,,,1626161|1627854|1628368|200746|201942|201988|202357|202697|202722|203992,1627854|200746|201942|201988|202722,1626161|1628368|202357|202697|203992,,,1610612759.0,21800197,True
4,PT01M37.00S,01:37,Q4 01:37,1.6166666666666667,592,3pt,MISS Mills 26' 3PT Jump Shot,[],Mills,100,90,Missed,True,False,201988.0,,substitution,rebound,,,,1626161|1627854|1628368|200746|201942|201988|202357|202697|202722|203992,1627854|200746|201942|201988|202722,1626161|1628368|202357|202697|203992,-41.0,256.0,1610612759.0,21800197,True
4,PT01M35.00S,01:35,Q4 01:35,1.5833333333333335,593,rebound,Bjelica REBOUND (Off:1 Def:5),[],Bjelica,100,90,,False,False,202357.0,,3pt missed,turnover,,,,1626161|1627854|1628368|200746|201942|201988|202357|202697|202722|203992,1626161|1628368|202357|202697|203992,1627854|200746|201942|201988|202722,,,1610612758.0,21800197,True
4,PT01M14.00S,01:14,Q4 01:14,1.2333333333333334,594,turnover,KINGS Turnover: Shot Clock (T#13),[],,100,90,,False,False,1610612758.0,,rebound,substitution,,,,1626161|1627854|1628368|200746|201942|201988|202357|202697|202722|203992,1626161|1628368|202357|202697|203992,1627854|200746|201942|201988|202722,,,0.0,21800197,True
4,PT01M14.00S,01:14,Q4 01:14,1.2333333333333334,595,substitution,SUB out: L. Aldridge,[],Aldridge,100,90,,False,False,200746.0,,turnover,substitution,,,,1626161|1627854|1628368|201942|201988|202357|202697|202722|203992,1627854|201942|201988|202722,1626161|1628368|202357|202697|203992,,,1610612759.0,21800197,False
4,PT01M14.00S,01:14,Q4 01:14,1.2333333333333334,596,substitution,SUB in: C. Metu,[],Metu,100,90,,False,False,1629002.0,,substitution,3pt made,,,,1626161|1627854|1628368|1629002|201942|201988|202357|202697|202722|203992,1627854|1629002|201942|201988|202722,1626161|1628368|202357|202697|203992,,,1610612759.0,21800197,True
4,PT01M06.00S,01:06,Q4 01:06,1.1,597,3pt,Bertans 27' 3PT Jump Shot (6 PTS) (DeRozan 7 AST),[],Bertans,100,93,Made,True,True,202722.0,201942.0,substitution,2pt made,,,,1626161|1627854|1628368|1629002|201942|201988|202357|202697|202722|203992,1627854|1629002|201942|201988|202722,1626161|1628368|202357|202697|203992,-191.0,195.0,1610612759.0,21800197,True
4,PT00M47.00S,00:47,Q4 00:47,0.7833333333333333,599,2pt,Bogdanovic 21' Jump Shot (22 PTS),[],Bogdanovic,102,93,Made,True,False,203992.0,,3pt made,3pt made,,,,1626161|1627854|1628368|1629002|201942|201988|202357|202697|202722|203992,1626161|1628368|202357|202697|203992,1627854|1629002|201942|201988|202722,-169.0,126.0,1610612758.0,21800197,True
4,PT00M38.70S,00:38,Q4 00:38,0.645,600,3pt,Bertans 25' 3PT Jump Shot (9 PTS) (DeRozan 8 AST),[],Bertans,102,96,Made,True,True,202722.0,201942.0,2pt made,foul,,,,1626161|1627854|1628368|1629002|201942|201988|202357|202697|202722|203992,1627854|1629002|201942|201988|202722,1626161|1628368|202357|202697|203992,-193.0,165.0,1610612759.0,21800197,True
4,PT00M26.90S,00:26,Q4 00:26,0.4483333333333333,602,foul,Forbes P.FOUL (P3.T3) (M.Lindsay),[],Forbes,102,96,,False,False,1627854.0,,3pt made,substitution,1628368.0,,,1626161|1627854|1628368|1629002|201942|201988|202357|202697|202722|203992,1627854|1629002|201942|201988|202722,1626161|1628368|202357|202697|203992,,,1610612759.0,21800197,True
4,PT00M26.90S,00:26,Q4 00:26,0.4483333333333333,604,substitution,SUB out: C. Metu,[],Metu,102,96,,False,False,1629002.0,,foul,substitution,,,,1626161|1627854|1628368|201942|201988|202357|202697|202722|203992,1627854|201942|201988|202722,1626161|1628368|202357|202697|203992,,,1610612759.0,21800197,False
4,PT00M26.90S,00:26,Q4 00:26,0.4483333333333333,605,substitution,SUB in: Q. Pondexter,[],Pondexter,102,96,,False,False,202347.0,,substitution,2pt made,,,,1626161|1627854|1628368|201942|201988|202347|202357|202697|202722|203992,1627854|201942|201988|202347|202722,1626161|1628368|202357|202697|203992,,,1610612759.0,21800197,True
4,PT00M14.00S,00:14,Q4 00:14,0.23333333333333334,606,2pt,Fox 17' Fadeaway Jumper (19 PTS),[],Fox,104,96,Made,True,False,1628368.0,,substitution,3pt made,,,,1626161|1627854|1628368|201942|201988|202347|202357|202697|202722|203992,1626161|1628368|202357|202697|203992,1627854|201942|201988|202347|202722,136.0,104.0,1610612758.0,21800197,True
4,PT00M03.20S,00:03,Q4 00:03,0.05333333333333334,607,3pt,Forbes 26' 3PT Jump Shot (10 PTS) (Pondexter 2 AST),[],Forbes,104,99,Made,True,True,1627854.0,202347.0,2pt made,period,,,,1626161|1627854|1628368|201942|201988|202347|202357|202697|202722|203992,1627854|201942|201988|202347|202722,1626161|1628368|202357|202697|203992,-183.0,183.0,1610612759.0,21800197,True
4,PT00M00.00S,00:00,Q4 00:00,0.0,609,period,End of 4th Period (12:14 AM EST),[],,104,99,,False,False,0.0,,3pt made,,,,,1626161|1627854|1628368|201942|201988|202347|202357|202697|202722|203992,1626161|1628368|202357|202697|203992,1627854|201942|201988|202347|202722,,,1610612758.0,21800197,True
