period,clock,clock_display,game_clock,minutes_left_in_game,actionNumber,actionType,description,qualifier,playerName,scoreHome,scoreAway,shotResult,isFieldGoal,assisted,person_id,assister_id,previous_action,next_action,foulDrawnPersonId,stealPersonId,blockPersonId,players_on,off_players_on,def_players_on,xLegacy,yLegacy,teamId,game_id
1,PT11M36.00S,11:36,Q1 11:36,46.4,7,3pt,MISS L. Dort 27' pullup 3PT,[],Dort,0,0,Missed,True,False,1629652,,,rebound,,,,1626172|1629647|1629652|1630544|1630581|201939|202324|202691|203490|203952,1629647|1629652|1630544|1630581|202324,1626172|201939|202691|203490|203952,103.0,258.0,1610612760.0,22100813
1,PT11M34.00S,11:34,Q1 11:34,46.43333333333333,8,rebound,TEAM defensive REBOUND,['team'],,0,0,,False,False,0,,3pt missed,3pt missed,,,,1626172|1629647|1629652|1630544|1630581|201939|202324|202691|203490|203952,1626172|201939|202691|203490|203952,1629647|1629652|1630544|1630581|202324,,,1610612744.0,22100813
1,PT11M22.00S,11:22,Q1 11:22,46.63333333333333,10,3pt,MISS K. Thompson 27' 3PT,[],Thompson,0,0,Missed,True,False,202691,,rebound,rebound,,,,1626172|1629647|1629652|1630544|1630581|201939|202324|202691|203490|203952,1626172|201939|202691|203490|203952,1629647|1629652|1630544|1630581|202324,141.0,241.0,1610612744.0,22100813
1,PT11M20.00S,11:20,Q1 11:20,46.666666666666664,11,rebound,J. Giddey REBOUND (Off:0 Def:1),[],Giddey,0,0,,False,False,1630581,,3pt missed,2pt made,,,,1626172|1629647|1629652|1630544|1630581|201939|202324|202691|203490|203952,1629647|1629652|1630544|1630581|202324,1626172|201939|202691|203490|203952,,,1610612760.0,22100813
1,PT11M14.00S,11:14,Q1 11:14,46.766666666666666,12,2pt,J. Giddey running Layup (2 PTS),"['pointsinthepaint', 'fastbreak']",Giddey,2,0,Made,True,False,1630581,,rebound,2pt missed,,,,1626172|1629647|1629652|1630544|1630581|201939|202324|202691|203490|203952,1629647|1629652|1630544|1630581|202324,1626172|201939|202691|203490|203952,-36.0,19.0,1610612760.0,22100813
1,PT10M54.00S,10:54,Q1 10:54,45.1,14,2pt,MISS K. Looney 16' Jump Shot,[],Looney,2,0,Missed,True,False,1626172,,2pt made,rebound,,,,1626172|1629647|1629652|1630544|1630581|201939|202324|202691|203490|203952,1626172|201939|202691|203490|203952,1629647|1629652|1630544|1630581|202324,-163.0,48.0,1610612744.0,22100813
1,PT10M50.00S,10:50,Q1 10:50,45.166666666666664,15,rebound,D. Bazley REBOUND (Off:0 Def:1),[],Bazley,2,0,,False,False,1629647,,2pt missed,turnover,,,,1626172|1629647|1629652|1630544|1630581|201939|202324|202691|203490|203952,1629647|1629652|1630544|1630581|202324,1626172|201939|202691|203490|203952,,,1610612760.0,22100813
1,PT10M40.00S,10:40,Q1 10:40,45.333333333333336,16,turnover,L. Dort bad pass TURNOVER (1 TO),[],Dort,2,0,,False,False,1629652,,rebound,steal,,202691.0,,1626172|1629647|1629652|1630544|1630581|201939|202324|202691|203490|203952,1629647|1629652|1630544|1630581|202324,1626172|201939|202691|203490|203952,,,1610612760.0,22100813
1,PT10M40.00S,10:40,Q1 10:40,45.333333333333336,17,steal,K. Thompson STEAL (1 STL),[],Thompson,2,0,,False,False,202691,,turnover,foul,,,,1626172|1629647|1629652|1630544|1630581|201939|202324|202691|203490|203952,1626172|201939|202691|203490|203952,1629647|1629652|1630544|1630581|202324,,,1610612744.0,22100813
1,PT10M36.00S,10:36,Q1 10:36,45.4,18,foul,J. Giddey shooting personal FOUL (1 PF) (Thompson 2 FT),['2freethrow'],Giddey,2,0,,False,False,1630581,,steal,freethrow,202691.0,,,1626172|1629647|1629652|1630544|1630581|201939|202324|202691|203490|203952,1629647|1629652|1630544|1630581|202324,1626172|201939|202691|203490|203952,,,1610612760.0,22100813
1,PT10M36.00S,10:36,Q1 10:36,45.4,20,freethrow,K. Thompson Free Throw 1 of 2 (1 PTS),['fromturnover'],Thompson,2,1,Made,False,False,202691,,foul,freethrow,,,,1626172|1629647|1629652|1630544|1630581|201939|202324|202691|203490|203952,1626172|201939|202691|203490|203952,1629647|1629652|1630544|1630581|202324,,,1610612744.0,22100813
1,PT10M36.00S,10:36,Q1 10:36,45.4,21,freethrow,K. Thompson Free Throw 2 of 2 (2 PTS),['fromturnover'],Thompson,2,2,Made,False,False,202691,,freethrow,foul,,,,1626172|1629647|1629652|1630544|1630581|201939|202324|202691|203490|203952,1626172|201939|202691|203490|203952,1629647|1629652|1630544|1630581|202324,,,1610612744.0,22100813
1,PT10M14.00S,10:14,Q1 10:14,45.766666666666666,22,foul,T. Mann charge offensive FOUL (1 PF),[],Mann,2,2,,False,False,1630544,,freethrow,turnover,201939.0,,,1626172|1629647|1629652|1630544|1630581|201939|202324|202691|203490|203952,1629647|1629652|1630544|1630581|202324,1626172|201939|202691|203490|203952,,,1610612760.0,22100813
1,PT10M14.00S,10:14,Q1 10:14,45.766666666666666,24,turnover,T. Mann offensive foul TURNOVER (1 TO),[],Mann,2,2,,False,False,1630544,,foul,2pt made,,,,1626172|1629647|1629652|1630544|1630581|201939|202324|202691|203490|203952,1629647|1629652|1630544|1630581|202324,1626172|201939|202691|203490|203952,,,1610612760.0,22100813
1,PT10M02.00S,10:02,Q1 10:02,45.96666666666667,25,2pt,A. Wiggins 19' pullup Jump Shot (2 PTS) (K. Thompson 1 AST),['fromturnover'],Wiggins,2,4,Made,True,True,203952,202691.0,turnover,2pt made,,,,1626172|1629647|1629652|1630544|1630581|201939|202324|202691|203490|203952,1626172|201939|202691|203490|203952,1629647|1629652|1630544|1630581|202324,-140.0,142.0,1610612744.0,22100813
1,PT09M47.00S,09:47,Q1 09:47,44.21666666666667,27,2pt,J. Giddey driving finger roll Layup (4 PTS),['pointsinthepaint'],Giddey,4,4,Made,True,False,1630581,,2pt made,turnover,,,,1626172|1629647|1629652|1630544|1630581|201939|202324|202691|203490|203952,1629647|1629652|1630544|1630581|202324,1626172|201939|202691|203490|203952,51.0,30.0,1610612760.0,22100813
1,PT09M39.00S,09:39,Q1 09:39,44.35,28,turnover,S. Curry bad pass out-of-bounds TURNOVER (1 TO),[],Curry,4,4,,False,False,201939,,2pt made,2pt made,,,,1626172|1629647|1629652|1630544|1630581|201939|202324|202691|203490|203952,1626172|201939|202691|203490|203952,1629647|1629652|1630544|1630581|202324,,,1610612744.0,22100813
1,PT09M26.00S,09:26,Q1 09:26,44.56666666666667,29,2pt,T. Mann driving Layup (2 PTS),"['pointsinthepaint', 'fromturnover']",Mann,6,4,Made,True,False,1630544,,turnover,3pt missed,,,,1626172|1629647|1629652|1630544|1630581|201939|202324|202691|203490|203952,1629647|1629652|1630544|1630581|202324,1626172|201939|202691|203490|203952,37.0,31.0,1610612760.0,22100813
1,PT09M18.00S,09:18,Q1 09:18,44.7,30,3pt,MISS K. Thompson running 3PT,[],Thompson,6,4,Missed,True,False,202691,,2pt made,rebound,,,,1626172|1629647|1629652|1630544|1630581|201939|202324|202691|203490|203952,1626172|201939|202691|203490|203952,1629647|1629652|1630544|1630581|202324,228.0,4.0,1610612744.0,22100813
1,PT09M17.00S,09:17,Q1 09:17,44.71666666666667,31,rebound,D. Favors REBOUND (Off:0 Def:1),[],Favors,6,4,,False,False,202324,,3pt missed,2pt made,,,,1626172|1629647|1629652|1630544|1630581|201939|202324|202691|203490|203952,1629647|1629652|1630544|1630581|202324,1626172|201939|202691|203490|203952,,,1610612760.0,22100813
1,PT09M03.00S,09:03,Q1 09:03,44.95,33,2pt,L. Dort driving Layup (2 PTS),['pointsinthepaint'],Dort,8,4,Made,True,False,1629652,,rebound,turnover,,,,1626172|1629647|1629652|1630544|1630581|201939|202324|202691|203490|203952,1629647|1629652|1630544|1630581|202324,1626172|201939|202691|203490|203952,23.0,38.0,1610612760.0,22100813
1,PT08M52.00S,08:52,Q1 08:52,43.13333333333333,34,turnover,S. Curry bad pass TURNOVER (2 TO),[],Curry,8,4,,False,False,201939,,2pt made,steal,,1629647.0,,1626172|1629647|1629652|1630544|1630581|201939|202324|202691|203490|203952,1626172|201939|202691|203490|203952,1629647|1629652|1630544|1630581|202324,,,1610612744.0,22100813
1,PT08M52.00S,08:52,Q1 08:52,43.13333333333333,35,steal,D. Bazley STEAL (1 STL),[],Bazley,8,4,,False,False,1629647,,turnover,2pt made,,,,1626172|1629647|1629652|1630544|1630581|201939|202324|202691|203490|203952,1629647|1629652|1630544|1630581|202324,1626172|201939|202691|203490|203952,,,1610612760.0,22100813
1,PT08M49.00S,08:49,Q1 08:49,43.18333333333333,36,2pt,D. Bazley running DUNK (2 PTS),"['fastbreak', 'pointsinthepaint', 'fromturnover']",Bazley,10,4,Made,True,False,1629647,,steal,3pt missed,,,,1626172|1629647|1629652|1630544|1630581|201939|202324|202691|203490|203952,1629647|1629652|1630544|1630581|202324,1626172|201939|202691|203490|203952,-15.0,27.0,1610612760.0,22100813
1,PT08M34.00S,08:34,Q1 08:34,43.43333333333333,37,3pt,MISS K. Thompson 27' 3PT,[],Thompson,10,4,Missed,True,False,202691,,2pt made,rebound,,,,1626172|1629647|1629652|1630544|1630581|201939|202324|202691|203490|203952,1626172|201939|202691|203490|203952,1629647|1629652|1630544|1630581|202324,156.0,227.0,1610612744.0,22100813
1,PT08M33.00S,08:33,Q1 08:33,43.45,38,rebound,TEAM defensive REBOUND,['team'],,10,4,,False,False,0,,3pt missed,turnover,,,,1626172|1629647|1629652|1630544|1630581|201939|202324|202691|203490|203952,1629647|1629652|1630544|1630581|202324,1626172|201939|202691|203490|203952,,,1610612760.0,22100813
1,PT08M22.00S,08:22,Q1 08:22,43.63333333333333,40,turnover,T. Mann bad pass out-of-bounds TURNOVER (2 TO),[],Mann,10,4,,False,False,1630544,,rebound,3pt made,,,,1626172|1629647|1629652|1630544|1630581|201939|202324|202691|203490|203952,1629647|1629652|1630544|1630581|202324,1626172|201939|202691|203490|203952,,,1610612760.0,22100813
1,PT08M12.00S,08:12,Q1 08:12,43.8,41,3pt,S. Curry 3PT  (3 PTS) (O. Porter Jr. 1 AST),['fromturnover'],Curry,10,7,Made,True,True,201939,203490.0,turnover,foul,,,,1626172|1629647|1629652|1630544|1630581|201939|202324|202691|203490|203952,1626172|201939|202691|203490|203952,1629647|1629652|1630544|1630581|202324,229.0,70.0,1610612744.0,22100813
1,PT08M00.00S,08:00,Q1 08:00,44.0,43,foul,K. Looney shooting personal FOUL (1 PF) (Favors 2 FT),['2freethrow'],Looney,10,7,,False,False,1626172,,3pt made,freethrow,202324.0,,,1626172|1629647|1629652|1630544|1630581|201939|202324|202691|203490|203952,1626172|201939|202691|203490|203952,1629647|1629652|1630544|1630581|202324,,,1610612744.0,22100813
1,PT08M00.00S,08:00,Q1 08:00,44.0,45,freethrow,D. Favors Free Throw 1 of 2 (1 PTS),[],Favors,11,7,Made,False,False,202324,,foul,freethrow,,,,1626172|1629647|1629652|1630544|1630581|201939|202324|202691|203490|203952,1629647|1629652|1630544|1630581|202324,1626172|201939|202691|203490|203952,,,1610612760.0,22100813
1,PT08M00.00S,08:00,Q1 08:00,44.0,46,freethrow,D. Favors Free Throw 2 of 2 (2 PTS),[],Favors,12,7,Made,False,False,202324,,freethrow,3pt missed,,,,1626172|1629647|1629652|1630544|1630581|201939|202324|202691|203490|203952,1629647|1629652|1630544|1630581|202324,1626172|201939|202691|203490|203952,,,1610612760.0,22100813
1,PT07M45.00S,07:45,Q1 07:45,42.25,47,3pt,MISS O. Porter Jr. 3PT,[],Porter Jr.,12,7,Missed,True,False,203490,,freethrow,rebound,,,,1626172|1629647|1629652|1630544|1630581|201939|202324|202691|203490|203952,1626172|201939|202691|203490|203952,1629647|1629652|1630544|1630581|202324,232.0,22.0,1610612744.0,22100813
1,PT07M40.00S,07:40,Q1 07:40,42.333333333333336,48,rebound,J. Giddey REBOUND (Off:0 Def:2),[],Giddey,12,7,,False,False,1630581,,3pt missed,3pt made,,,,1626172|1629647|1629652|1630544|1630581|201939|202324|202691|203490|203952,1629647|1629652|1630544|1630581|202324,1626172|201939|202691|203490|203952,,,1610612760.0,22100813
1,PT07M35.00S,07:35,Q1 07:35,42.416666666666664,49,3pt,L. Dort 26' 3PT running (5 PTS) (J. Giddey 1 AST),[],Dort,15,7,Made,True,True,1629652,1630581.0,rebound,3pt missed,,,,1626172|1629647|1629652|1630544|1630581|201939|202324|202691|203490|203952,1629647|1629652|1630544|1630581|202324,1626172|201939|202691|203490|203952,-176.0,194.0,1610612760.0,22100813
1,PT07M15.00S,07:15,Q1 07:15,42.75,51,3pt,MISS A. Wiggins 27' 3PT,[],Wiggins,15,7,Missed,True,False,203952,,3pt made,rebound,,,,1626172|1629647|1629652|1630544|1630581|201939|202324|202691|203490|203952,1626172|201939|202691|203490|203952,1629647|1629652|1630544|1630581|202324,-174.0,210.0,1610612744.0,22100813
1,PT07M13.00S,07:13,Q1 07:13,42.78333333333333,52,rebound,J. Giddey REBOUND (Off:0 Def:3),[],Giddey,15,7,,False,False,1630581,,3pt missed,3pt missed,,,,1626172|1629647|1629652|1630544|1630581|201939|202324|202691|203490|203952,1629647|1629652|1630544|1630581|202324,1626172|201939|202691|203490|203952,,,1610612760.0,22100813
1,PT06M57.00S,06:57,Q1 06:57,41.05,53,3pt,MISS L. Dort 28' pullup 3PT,[],Dort,15,7,Missed,True,False,1629652,,rebound,rebound,,,,1626172|1629647|1629652|1630544|1630581|201939|202324|202691|203490|203952,1629647|1629652|1630544|1630581|202324,1626172|201939|202691|203490|203952,-70.0,273.0,1610612760.0,22100813
1,PT06M54.00S,06:54,Q1 06:54,41.1,54,rebound,S. Curry REBOUND (Off:0 Def:1),[],Curry,15,7,,False,False,201939,,3pt missed,3pt missed,,,,1626172|1629647|1629652|1630544|1630581|201939|202324|202691|203490|203952,1626172|201939|202691|203490|203952,1629647|1629652|1630544|1630581|202324,,,1610612744.0,22100813
1,PT06M50.00S,06:50,Q1 06:50,41.166666666666664,55,3pt,MISS S. Curry 31' running pullup 3PT,['fastbreak'],Curry,15,7,Missed,True,False,201939,,rebound,rebound,,,,1626172|1629647|1629652|1630544|1630581|201939|202324|202691|203490|203952,1626172|201939|202691|203490|203952,1629647|1629652|1630544|1630581|202324,-114.0,295.0,1610612744.0,22100813
1,PT06M48.00S,06:48,Q1 06:48,41.2,56,rebound,D. Bazley REBOUND (Off:0 Def:2),[],Bazley,15,7,,False,False,1629647,,3pt missed,turnover,,,,1626172|1629647|1629652|1630544|1630581|201939|202324|202691|203490|203952,1629647|1629652|1630544|1630581|202324,1626172|201939|202691|203490|203952,,,1610612760.0,22100813
1,PT06M36.00S,06:36,Q1 06:36,41.4,57,turnover,J. Giddey lost ball TURNOVER (1 TO),[],Giddey,15,7,,False,False,1630581,,rebound,steal,,202691.0,,1626172|1629647|1629652|1630544|1630581|201939|202324|202691|203490|203952,1629647|1629652|1630544|1630581|202324,1626172|201939|202691|203490|203952,,,1610612760.0,22100813
1,PT06M36.00S,06:36,Q1 06:36,41.4,58,steal,K. Thompson STEAL (2 STL),[],Thompson,15,7,,False,False,202691,,turnover,turnover,,,,1626172|1629647|1629652|1630544|1630581|201939|202324|202691|203490|203952,1626172|201939|202691|203490|203952,1629647|1629652|1630544|1630581|202324,,,1610612744.0,22100813
1,PT06M33.00S,06:33,Q1 06:33,41.45,59,turnover,S. Curry bad pass TURNOVER (3 TO),[],Curry,15,7,,False,False,201939,,steal,steal,,1630544.0,,1626172|1629647|1629652|1630544|1630581|201939|202324|202691|203490|203952,1626172|201939|202691|203490|203952,1629647|1629652|1630544|1630581|202324,,,1610612744.0,22100813
1,PT06M33.00S,06:33,Q1 06:33,41.45,60,steal,T. Mann STEAL (1 STL),[],Mann,15,7,,False,False,1630544,,turnover,2pt missed,,,,1626172|1629647|1629652|1630544|1630581|201939|202324|202691|203490|203952,1629647|1629652|1630544|1630581|202324,1626172|201939|202691|203490|203952,,,1610612760.0,22100813
1,PT06M29.00S,06:29,Q1 06:29,41.516666666666666,61,2pt,MISS T. Mann running Layup - blocked,"['fastbreak', 'pointsinthepaint', 'fromturnover']",Mann,15,7,Missed,True,False,1630544,,steal,block,,,1626172.0,1626172|1629647|1629652|1630544|1630581|201939|202324|202691|203490|203952,1629647|1629652|1630544|1630581|202324,1626172|201939|202691|203490|203952,-26.0,17.0,1610612760.0,22100813
1,PT06M29.00S,06:29,Q1 06:29,41.516666666666666,62,block,K. Looney BLOCK (1 BLK),[],Looney,15,7,,False,False,1626172,,2pt missed,rebound,,,,1626172|1629647|1629652|1630544|1630581|201939|202324|202691|203490|203952,1626172|201939|202691|203490|203952,1629647|1629652|1630544|1630581|202324,,,1610612744.0,22100813
1,PT06M26.00S,06:26,Q1 06:26,41.56666666666667,63,rebound,A. Wiggins REBOUND (Off:0 Def:1),[],Wiggins,15,7,,False,False,203952,,block,turnover,,,,1626172|1629647|1629652|1630544|1630581|201939|202324|202691|203490|203952,1626172|201939|202691|203490|203952,1629647|1629652|1630544|1630581|202324,,,1610612744.0,22100813
1,PT06M25.00S,06:25,Q1 06:25,41.583333333333336,64,turnover,K. Looney lost ball out-of-bounds TURNOVER (1 TO),[],Looney,15,7,,False,False,1626172,,rebound,timeout,,,,1626172|1629647|1629652|1630544|1630581|201939|202324|202691|203490|203952,1626172|201939|202691|203490|203952,1629647|1629652|1630544|1630581|202324,,,1610612744.0,22100813
1,PT06M25.00S,06:25,Q1 06:25,41.583333333333336,65,timeout,OKC Timeout,"['team', 'mandatory']",,15,7,,False,False,0,,turnover,substitution,,,,1626172|1629647|1629652|1630544|1630581|201939|202324|202691|203490|203952,1629647|1629652|1630544|1630581|202324,1626172|201939|202691|203490|203952,,,1610612760.0,22100813
1,PT06M25.00S,06:25,Q1 06:25,41.583333333333336,66,substitution,SUB out: O. Porter Jr.,[],Porter Jr.,15,7,,False,False,203490,,timeout,substitution,,,,1626172|1629647|1629652|1630544|1630581|201939|202324|202691|203952,1626172|201939|202691|203952,1629647|1629652|1630544|1630581|202324,,,1610612744.0,22100813
1,PT06M25.00S,06:25,Q1 06:25,41.583333333333336,67,substitution,SUB out: K. Thompson,[],Thompson,15,7,,False,False,202691,,substitution,substitution,,,,1626172|1629647|1629652|1630544|1630581|201939|202324|203952,1626172|201939|203952,1629647|1629652|1630544|1630581|202324,,,1610612744.0,22100813
1,PT06M25.00S,06:25,Q1 06:25,41.583333333333336,68,substitution,SUB in: J. Poole,[],Poole,15,7,,False,False,1629673,,substitution,substitution,,,,1626172|1629647|1629652|1629673|1630544|1630581|201939|202324|203952,1626172|1629673|201939|203952,1629647|1629652|1630544|1630581|202324,,,1610612744.0,22100813
1,PT06M25.00S,06:25,Q1 06:25,41.583333333333336,69,substitution,SUB in: G. Payton II,[],Payton II,15,7,,False,False,1627780,,substitution,2pt missed,,,,1626172|1627780|1629647|1629652|1629673|1630544|1630581|201939|202324|203952,1626172|1627780|1629673|201939|203952,1629647|1629652|1630544|1630581|202324,,,1610612744.0,22100813
1,PT06M22.00S,06:22,Q1 06:22,41.63333333333333,70,2pt,MISS J. Giddey 7' floating Shot,"['pointsinthepaint', 'fromturnover']",Giddey,15,7,Missed,True,False,1630581,,substitution,rebound,,,,1626172|1627780|1629647|1629652|1629673|1630544|1630581|201939|202324|203952,1629647|1629652|1630544|1630581|202324,1626172|1627780|1629673|201939|203952,-74.0,-8.0,1610612760.0,22100813
1,PT06M20.00S,06:20,Q1 06:20,41.666666666666664,71,rebound,J. Poole REBOUND (Off:0 Def:1),[],Poole,15,7,,False,False,1629673,,2pt missed,3pt made,,,,1626172|1627780|1629647|1629652|1629673|1630544|1630581|201939|202324|203952,1626172|1627780|1629673|201939|203952,1629647|1629652|1630544|1630581|202324,,,1610612744.0,22100813
1,PT06M07.00S,06:07,Q1 06:07,41.88333333333333,72,3pt,G. Payton II 26' 3PT  (3 PTS) (J. Poole 1 AST),[],Payton II,15,10,Made,True,True,1627780,1629673.0,rebound,2pt missed,,,,1626172|1627780|1629647|1629652|1629673|1630544|1630581|201939|202324|203952,1626172|1627780|1629673|201939|203952,1629647|1629652|1630544|1630581|202324,-233.0,118.0,1610612744.0,22100813
1,PT05M46.00S,05:46,Q1 05:46,40.233333333333334,74,2pt,MISS D. Bazley 17' Jump Shot,[],Bazley,15,10,Missed,True,False,1629647,,3pt made,rebound,,,,1626172|1627780|1629647|1629652|1629673|1630544|1630581|201939|202324|203952,1629647|1629652|1630544|1630581|202324,1626172|1627780|1629673|201939|203952,174.0,-5.0,1610612760.0,22100813
1,PT05M42.00S,05:42,Q1 05:42,40.3,76,rebound,D. Favors REBOUND (Off:1 Def:1),[],Favors,15,10,,False,False,202324,,2pt missed,2pt made,,,,1626172|1627780|1629647|1629652|1629673|1630544|1630581|201939|202324|203952,1629647|1629652|1630544|1630581|202324,1626172|1627780|1629673|201939|203952,,,1610612760.0,22100813
1,PT05M38.00S,05:38,Q1 05:38,40.36666666666667,80,2pt,D. Bazley alley-oop Layup (4 PTS) (J. Giddey 2 AST),"['pointsinthepaint', '2ndchance']",Bazley,17,10,Made,True,True,1629647,1630581.0,rebound,foul,,,,1626172|1627780|1629647|1629652|1629673|1630544|1630581|201939|202324|203952,1629647|1629652|1630544|1630581|202324,1626172|1627780|1629673|201939|203952,-25.0,32.0,1610612760.0,22100813
1,PT05M22.00S,05:22,Q1 05:22,40.63333333333333,82,foul,L. Dort personal FOUL (1 PF),[],Dort,17,10,,False,False,1629652,,2pt made,2pt missed,201939.0,,,1626172|1627780|1629647|1629652|1629673|1630544|1630581|201939|202324|203952,1629647|1629652|1630544|1630581|202324,1626172|1627780|1629673|201939|203952,,,1610612760.0,22100813
1,PT05M11.00S,05:11,Q1 05:11,40.81666666666667,84,2pt,MISS A. Wiggins 9' pullup Shot,['pointsinthepaint'],Wiggins,17,10,Missed,True,False,203952,,foul,rebound,,,,1626172|1627780|1629647|1629652|1629673|1630544|1630581|201939|202324|203952,1626172|1627780|1629673|201939|203952,1629647|1629652|1630544|1630581|202324,69.0,60.0,1610612744.0,22100813
1,PT05M08.00S,05:08,Q1 05:08,40.86666666666667,85,rebound,D. Favors REBOUND (Off:1 Def:2),[],Favors,17,10,,False,False,202324,,2pt missed,2pt missed,,,,1626172|1627780|1629647|1629652|1629673|1630544|1630581|201939|202324|203952,1629647|1629652|1630544|1630581|202324,1626172|1627780|1629673|201939|203952,,,1610612760.0,22100813
1,PT04M57.00S,04:57,Q1 04:57,39.05,86,2pt,MISS D. Bazley driving Layup,['pointsinthepaint'],Bazley,17,10,Missed,True,False,1629647,,rebound,rebound,,,,1626172|1627780|1629647|1629652|1629673|1630544|1630581|201939|202324|203952,1629647|1629652|1630544|1630581|202324,1626172|1627780|1629673|201939|203952,25.0,45.0,1610612760.0,22100813
1,PT04M54.00S,04:54,Q1 04:54,39.1,87,rebound,J. Poole REBOUND (Off:0 Def:2),[],Poole,17,10,,False,False,1629673,,2pt missed,2pt made,,,,1626172|1627780|1629647|1629652|1629673|1630544|1630581|201939|202324|203952,1626172|1627780|1629673|201939|203952,1629647|1629652|1630544|1630581|202324,,,1610612744.0,22100813
1,PT04M43.00S,04:43,Q1 04:43,39.28333333333333,88,2pt,S. Curry 14' fadeaway Jump Shot (5 PTS),[],Curry,17,12,Made,True,False,201939,,rebound,turnover,,,,1626172|1627780|1629647|1629652|1629673|1630544|1630581|201939|202324|203952,1626172|1627780|1629673|201939|203952,1629647|1629652|1630544|1630581|202324,-1.0,146.0,1610612744.0,22100813
1,PT04M28.00S,04:28,Q1 04:28,39.53333333333333,89,turnover,L. Dort lost ball TURNOVER (2 TO),[],Dort,17,12,,False,False,1629652,,2pt made,steal,,1626172.0,,1626172|1627780|1629647|1629652|1629673|1630544|1630581|201939|202324|203952,1629647|1629652|1630544|1630581|202324,1626172|1627780|1629673|201939|203952,,,1610612760.0,22100813
1,PT04M28.00S,04:28,Q1 04:28,39.53333333333333,90,steal,K. Looney STEAL (1 STL),[],Looney,17,12,,False,False,1626172,,turnover,3pt missed,,,,1626172|1627780|1629647|1629652|1629673|1630544|1630581|201939|202324|203952,1626172|1627780|1629673|201939|203952,1629647|1629652|1630544|1630581|202324,,,1610612744.0,22100813
1,PT04M22.00S,04:22,Q1 04:22,39.63333333333333,91,3pt,MISS S. Curry 3PT,['fromturnover'],Curry,17,12,Missed,True,False,201939,,steal,rebound,,,,1626172|1627780|1629647|1629652|1629673|1630544|1630581|201939|202324|203952,1626172|1627780|1629673|201939|203952,1629647|1629652|1630544|1630581|202324,232.0,41.0,1610612744.0,22100813
1,PT04M19.00S,04:19,Q1 04:19,39.68333333333333,92,rebound,D. Favors REBOUND (Off:1 Def:3),[],Favors,17,12,,False,False,202324,,3pt missed,foul,,,,1626172|1627780|1629647|1629652|1629673|1630544|1630581|201939|202324|203952,1629647|1629652|1630544|1630581|202324,1626172|1627780|1629673|201939|203952,,,1610612760.0,22100813
1,PT04M11.00S,04:11,Q1 04:11,39.81666666666667,93,foul,A. Wiggins shooting personal FOUL (1 PF) (Bazley 2 FT),['2freethrow'],Wiggins,17,12,,False,False,203952,,rebound,freethrow,1629647.0,,,1626172|1627780|1629647|1629652|1629673|1630544|1630581|201939|202324|203952,1626172|1627780|1629673|201939|203952,1629647|1629652|1630544|1630581|202324,,,1610612744.0,22100813
1,PT04M11.00S,04:11,Q1 04:11,39.81666666666667,95,freethrow,D. Bazley Free Throw 1 of 2 (5 PTS),[],Bazley,18,12,Made,False,False,1629647,,foul,freethrow,,,,1626172|1627780|1629647|1629652|1629673|1630544|1630581|201939|202324|203952,1629647|1629652|1630544|1630581|202324,1626172|1627780|1629673|201939|203952,,,1610612760.0,22100813
1,PT04M11.00S,04:11,Q1 04:11,39.81666666666667,104,freethrow,MISS D. Bazley Free Throw 2 of 2,[],Bazley,18,12,Missed,False,False,1629647,,freethrow,substitution,,,,1626172|1627780|1629647|1629652|1629673|1630544|1630581|201939|202324|203952,1629647|1629652|1630544|1630581|202324,1626172|1627780|1629673|201939|203952,,,1610612760.0,22100813
1,PT04M11.00S,04:11,Q1 04:11,39.81666666666667,96,substitution,SUB out: J. Giddey,[],Giddey,18,12,,False,False,1630581,,freethrow,substitution,,,,1626172|1627780|1629647|1629652|1629673|1630544|201939|202324|203952,1629647|1629652|1630544|202324,1626172|1627780|1629673|201939|203952,,,1610612760.0,22100813
1,PT04M11.00S,04:11,Q1 04:11,39.81666666666667,97,substitution,SUB out: D. Favors,[],Favors,18,12,,False,False,202324,,substitution,substitution,,,,1626172|1627780|1629647|1629652|1629673|1630544|201939|203952,1629647|1629652|1630544,1626172|1627780|1629673|201939|203952,,,1610612760.0,22100813
1,PT04M11.00S,04:11,Q1 04:11,39.81666666666667,98,substitution,SUB out: T. Mann,[],Mann,18,12,,False,False,1630544,,substitution,substitution,,,,1626172|1627780|1629647|1629652|1629673|201939|203952,1629647|1629652,1626172|1627780|1629673|201939|203952,,,1610612760.0,22100813
1,PT04M11.00S,04:11,Q1 04:11,39.81666666666667,99,substitution,SUB out: K. Looney,[],Looney,18,12,,False,False,1626172,,substitution,substitution,,,,1627780|1629647|1629652|1629673|201939|203952,1627780|1629673|201939|203952,1629647|1629652,,,1610612744.0,22100813
1,PT04M11.00S,04:11,Q1 04:11,39.81666666666667,100,substitution,SUB in: K. Williams,[],Williams,18,12,,False,False,1629026,,substitution,substitution,,,,1627780|1629026|1629647|1629652|1629673|201939|203952,1629026|1629647|1629652,1627780|1629673|201939|203952,,,1610612760.0,22100813
1,PT04M11.00S,04:11,Q1 04:11,39.81666666666667,101,substitution,SUB in: T. Jerome,[],Jerome,18,12,,False,False,1629660,,substitution,substitution,,,,1627780|1629026|1629647|1629652|1629660|1629673|201939|203952,1629026|1629647|1629652|1629660,1627780|1629673|201939|203952,,,1610612760.0,22100813
1,PT04M11.00S,04:11,Q1 04:11,39.81666666666667,102,substitution,SUB in: M. Diakite,[],Diakite,18,12,,False,False,1629603,,substitution,substitution,,,,1627780|1629026|1629603|1629647|1629652|1629660|1629673|201939|203952,1629026|1629603|1629647|1629652|1629660,1627780|1629673|201939|203952,,,1610612760.0,22100813
1,PT04M11.00S,04:11,Q1 04:11,39.81666666666667,103,substitution,SUB in: J. Kuminga,[],Kuminga,18,12,,False,False,1630228,,substitution,rebound,,,,1627780|1629026|1629603|1629647|1629652|1629660|1629673|1630228|201939|203952,1627780|1629673|1630228|201939|203952,1629026|1629603|1629647|1629652|1629660,,,1610612744.0,22100813
1,PT04M09.00S,04:09,Q1 04:09,39.85,105,rebound,G. Payton II REBOUND (Off:0 Def:1),[],Payton II,18,12,,False,False,1627780,,substitution,foul,,,,1627780|1629026|1629603|1629647|1629652|1629660|1629673|1630228|201939|203952,1627780|1629673|1630228|201939|203952,1629026|1629603|1629647|1629652|1629660,,,1610612744.0,22100813
1,PT03M54.00S,03:54,Q1 03:54,38.1,106,foul,J. Poole offensive FOUL (1 PF),[],Poole,18,12,,False,False,1629673,,rebound,turnover,1629652.0,,,1627780|1629026|1629603|1629647|1629652|1629660|1629673|1630228|201939|203952,1627780|1629673|1630228|201939|203952,1629026|1629603|1629647|1629652|1629660,,,1610612744.0,22100813
1,PT03M54.00S,03:54,Q1 03:54,38.1,108,turnover,J. Poole offensive foul TURNOVER (1 TO),[],Poole,18,12,,False,False,1629673,,foul,2pt missed,,,,1627780|1629026|1629603|1629647|1629652|1629660|1629673|1630228|201939|203952,1627780|1629673|1630228|201939|203952,1629026|1629603|1629647|1629652|1629660,,,1610612744.0,22100813
1,PT03M45.00S,03:45,Q1 03:45,38.25,109,2pt,MISS D. Bazley driving Layup,"['pointsinthepaint', 'fromturnover']",Bazley,18,12,Missed,True,False,1629647,,turnover,rebound,,,,1627780|1629026|1629603|1629647|1629652|1629660|1629673|1630228|201939|203952,1629026|1629603|1629647|1629652|1629660,1627780|1629673|1630228|201939|203952,42.0,26.0,1610612760.0,22100813
1,PT03M44.00S,03:44,Q1 03:44,38.266666666666666,110,rebound,A. Wiggins REBOUND (Off:0 Def:2),[],Wiggins,18,12,,False,False,203952,,2pt missed,3pt missed,,,,1627780|1629026|1629603|1629647|1629652|1629660|1629673|1630228|201939|203952,1627780|1629673|1630228|201939|203952,1629026|1629603|1629647|1629652|1629660,,,1610612744.0,22100813
1,PT03M38.00S,03:38,Q1 03:38,38.36666666666667,111,3pt,MISS G. Payton II 27' 3PT,[],Payton II,18,12,Missed,True,False,1627780,,rebound,rebound,,,,1627780|1629026|1629603|1629647|1629652|1629660|1629673|1630228|201939|203952,1627780|1629673|1630228|201939|203952,1629026|1629603|1629647|1629652|1629660,-163.0,217.0,1610612744.0,22100813
1,PT03M35.00S,03:35,Q1 03:35,38.416666666666664,112,rebound,K. Williams REBOUND (Off:0 Def:1),[],Williams,18,12,,False,False,1629026,,3pt missed,2pt made,,,,1627780|1629026|1629603|1629647|1629652|1629660|1629673|1630228|201939|203952,1629026|1629603|1629647|1629652|1629660,1627780|1629673|1630228|201939|203952,,,1610612760.0,22100813
1,PT03M25.00S,03:25,Q1 03:25,38.583333333333336,113,2pt,M. Diakite driving Hook (2 PTS) (K. Williams 1 AST),['pointsinthepaint'],Diakite,20,12,Made,True,True,1629603,1629026.0,rebound,timeout,,,,1627780|1629026|1629603|1629647|1629652|1629660|1629673|1630228|201939|203952,1629026|1629603|1629647|1629652|1629660,1627780|1629673|1630228|201939|203952,-12.0,45.0,1610612760.0,22100813
1,PT03M13.00S,03:13,Q1 03:13,38.78333333333333,115,timeout,GSW Timeout,"['team', 'mandatory']",,20,12,,False,False,0,,2pt made,substitution,,,,1627780|1629026|1629603|1629647|1629652|1629660|1629673|1630228|201939|203952,1627780|1629673|1630228|201939|203952,1629026|1629603|1629647|1629652|1629660,,,1610612744.0,22100813
1,PT03M13.00S,03:13,Q1 03:13,38.78333333333333,116,substitution,SUB out: L. Dort,[],Dort,20,12,,False,False,1629652,,timeout,substitution,,,,1627780|1629026|1629603|1629647|1629660|1629673|1630228|201939|203952,1629026|1629603|1629647|1629660,1627780|1629673|1630228|201939|203952,,,1610612760.0,22100813
1,PT03M13.00S,03:13,Q1 03:13,38.78333333333333,117,substitution,SUB out: S. Curry,[],Curry,20,12,,False,False,201939,,substitution,substitution,,,,1627780|1629026|1629603|1629647|1629660|1629673|1630228|203952,1627780|1629673|1630228|203952,1629026|1629603|1629647|1629660,,,1610612744.0,22100813
1,PT03M13.00S,03:13,Q1 03:13,38.78333333333333,118,substitution,SUB in: T. Maledon,[],Maledon,20,12,,False,False,1630177,,substitution,substitution,,,,1627780|1629026|1629603|1629647|1629660|1629673|1630177|1630228|203952,1629026|1629603|1629647|1629660|1630177,1627780|1629673|1630228|203952,,,1610612760.0,22100813
1,PT03M13.00S,03:13,Q1 03:13,38.78333333333333,119,substitution,SUB in: D. Lee,[],Lee,20,12,,False,False,1627814,,substitution,2pt made,,,,1627780|1627814|1629026|1629603|1629647|1629660|1629673|1630177|1630228|203952,1627780|1627814|1629673|1630228|203952,1629026|1629603|1629647|1629660|1630177,,,1610612744.0,22100813
1,PT03M07.00S,03:07,Q1 03:07,38.88333333333333,120,2pt,J. Kuminga 6' cutting Layup (2 PTS) (J. Poole 2 AST),['pointsinthepaint'],Kuminga,20,14,Made,True,True,1630228,1629673.0,substitution,foul,,,,1627780|1627814|1629026|1629603|1629647|1629660|1629673|1630177|1630228|203952,1627780|1627814|1629673|1630228|203952,1629026|1629603|1629647|1629660|1630177,43.0,46.0,1610612744.0,22100813
1,PT03M07.00S,03:07,Q1 03:07,38.88333333333333,122,foul,T. Maledon shooting personal FOUL (1 PF) (Kuminga 1 FT),['1freethrow'],Maledon,20,14,,False,False,1630177,,2pt made,freethrow,1630228.0,,,1627780|1627814|1629026|1629603|1629647|1629660|1629673|1630177|1630228|203952,1629026|1629603|1629647|1629660|1630177,1627780|1627814|1629673|1630228|203952,,,1610612760.0,22100813
1,PT03M07.00S,03:07,Q1 03:07,38.88333333333333,124,freethrow,J. Kuminga Free Throw 1 of 1 (3 PTS),[],Kuminga,20,15,Made,False,False,1630228,,foul,3pt missed,,,,1627780|1627814|1629026|1629603|1629647|1629660|1629673|1630177|1630228|203952,1627780|1627814|1629673|1630228|203952,1629026|1629603|1629647|1629660|1630177,,,1610612744.0,22100813
1,PT02M47.00S,02:47,Q1 02:47,37.21666666666667,125,3pt,MISS D. Bazley 26' 3PT,[],Bazley,20,15,Missed,True,False,1629647,,freethrow,rebound,,,,1627780|1627814|1629026|1629603|1629647|1629660|1629673|1630177|1630228|203952,1629026|1629603|1629647|1629660|1630177,1627780|1627814|1629673|1630228|203952,-219.0,147.0,1610612760.0,22100813
1,PT02M41.00S,02:41,Q1 02:41,37.31666666666667,126,rebound,A. Wiggins REBOUND (Off:0 Def:3),[],Wiggins,20,15,,False,False,203952,,3pt missed,2pt missed,,,,1627780|1627814|1629026|1629603|1629647|1629660|1629673|1630177|1630228|203952,1627780|1627814|1629673|1630228|203952,1629026|1629603|1629647|1629660|1630177,,,1610612744.0,22100813
1,PT02M24.00S,02:24,Q1 02:24,37.6,127,2pt,MISS D. Lee 16' pullup Shot - blocked,[],Lee,20,15,Missed,True,False,1627814,,rebound,block,,,1629603.0,1627780|1627814|1629026|1629603|1629647|1629660|1629673|1630177|1630228|203952,1627780|1627814|1629673|1630228|203952,1629026|1629603|1629647|1629660|1630177,163.0,39.0,1610612744.0,22100813
1,PT02M24.00S,02:24,Q1 02:24,37.6,128,block,M. Diakite BLOCK (1 BLK),[],Diakite,20,15,,False,False,1629603,,2pt missed,rebound,,,,1627780|1627814|1629026|1629603|1629647|1629660|1629673|1630177|1630228|203952,1629026|1629603|1629647|1629660|1630177,1627780|1627814|1629673|1630228|203952,,,1610612760.0,22100813
1,PT02M21.00S,02:21,Q1 02:21,37.65,129,rebound,D. Bazley REBOUND (Off:0 Def:3),[],Bazley,20,15,,False,False,1629647,,block,3pt missed,,,,1627780|1627814|1629026|1629603|1629647|1629660|1629673|1630177|1630228|203952,1629026|1629603|1629647|1629660|1630177,1627780|1627814|1629673|1630228|203952,,,1610612760.0,22100813
1,PT02M07.00S,02:07,Q1 02:07,37.88333333333333,130,3pt,MISS K. Williams 26' 3PT,[],Williams,20,15,Missed,True,False,1629026,,rebound,rebound,,,,1627780|1627814|1629026|1629603|1629647|1629660|1629673|1630177|1630228|203952,1629026|1629603|1629647|1629660|1630177,1627780|1627814|1629673|1630228|203952,-136.0,232.0,1610612760.0,22100813
1,PT02M04.00S,02:04,Q1 02:04,37.93333333333333,131,rebound,J. Poole REBOUND (Off:0 Def:3),[],Poole,20,15,,False,False,1629673,,3pt missed,3pt missed,,,,1627780|1627814|1629026|1629603|1629647|1629660|1629673|1630177|1630228|203952,1627780|1627814|1629673|1630228|203952,1629026|1629603|1629647|1629660|1630177,,,1610612744.0,22100813
1,PT02M00.00S,02:00,Q1 02:00,38.0,132,3pt,MISS J. Kuminga 26' running 3PT,[],Kuminga,20,15,Missed,True,False,1630228,,rebound,rebound,,,,1627780|1627814|1629026|1629603|1629647|1629660|1629673|1630177|1630228|203952,1627780|1627814|1629673|1630228|203952,1629026|1629603|1629647|1629660|1630177,-201.0,176.0,1610612744.0,22100813
1,PT01M55.00S,01:55,Q1 01:55,36.083333333333336,133,rebound,M. Diakite REBOUND (Off:0 Def:1),[],Diakite,20,15,,False,False,1629603,,3pt missed,3pt missed,,,,1627780|1627814|1629026|1629603|1629647|1629660|1629673|1630177|1630228|203952,1629026|1629603|1629647|1629660|1630177,1627780|1627814|1629673|1630228|203952,,,1610612760.0,22100813
1,PT01M47.00S,01:47,Q1 01:47,36.21666666666667,134,3pt,MISS T. Jerome 29' 3PT,[],Jerome,20,15,Missed,True,False,1629660,,rebound,rebound,,,,1627780|1627814|1629026|1629603|1629647|1629660|1629673|1630177|1630228|203952,1629026|1629603|1629647|1629660|1630177,1627780|1627814|1629673|1630228|203952,-173.0,235.0,1610612760.0,22100813
1,PT01M44.00S,01:44,Q1 01:44,36.266666666666666,135,rebound,A. Wiggins REBOUND (Off:0 Def:4),[],Wiggins,20,15,,False,False,203952,,3pt missed,3pt missed,,,,1627780|1627814|1629026|1629603|1629647|1629660|1629673|1630177|1630228|203952,1627780|1627814|1629673|1630228|203952,1629026|1629603|1629647|1629660|1630177,,,1610612744.0,22100813
1,PT01M30.00S,01:30,Q1 01:30,36.5,136,3pt,MISS A. Wiggins 25' 3PT,[],Wiggins,20,15,Missed,True,False,203952,,rebound,rebound,,,,1627780|1627814|1629026|1629603|1629647|1629660|1629673|1630177|1630228|203952,1627780|1627814|1629673|1630228|203952,1629026|1629603|1629647|1629660|1630177,-223.0,122.0,1610612744.0,22100813
1,PT01M28.00S,01:28,Q1 01:28,36.53333333333333,137,rebound,M. Diakite REBOUND (Off:0 Def:2),[],Diakite,20,15,,False,False,1629603,,3pt missed,3pt made,,,,1627780|1627814|1629026|1629603|1629647|1629660|1629673|1630177|1630228|203952,1629026|1629603|1629647|1629660|1630177,1627780|1627814|1629673|1630228|203952,,,1610612760.0,22100813
1,PT01M12.00S,01:12,Q1 01:12,36.8,138,3pt,T. Jerome 3PT  (3 PTS) (K. Williams 2 AST),[],Jerome,23,15,Made,True,True,1629660,1629026.0,rebound,3pt made,,,,1627780|1627814|1629026|1629603|1629647|1629660|1629673|1630177|1630228|203952,1629026|1629603|1629647|1629660|1630177,1627780|1627814|1629673|1630228|203952,-232.0,29.0,1610612760.0,22100813
1,PT00M49.20S,00:49,Q1 00:49,35.18333333333333,140,3pt,A. Wiggins 28' 3PT  (5 PTS) (D. Lee 1 AST),[],Wiggins,23,18,Made,True,True,203952,1627814.0,3pt made,turnover,,,,1627780|1627814|1629026|1629603|1629647|1629660|1629673|1630177|1630228|203952,1627780|1627814|1629673|1630228|203952,1629026|1629603|1629647|1629660|1630177,-210.0,188.0,1610612744.0,22100813
1,PT00M31.10S,00:31,Q1 00:31,35.483333333333334,142,turnover,T. Maledon bad pass TURNOVER (1 TO),[],Maledon,23,18,,False,False,1630177,,3pt made,steal,,1627780.0,,1627780|1627814|1629026|1629603|1629647|1629660|1629673|1630177|1630228|203952,1629026|1629603|1629647|1629660|1630177,1627780|1627814|1629673|1630228|203952,,,1610612760.0,22100813
1,PT00M31.10S,00:31,Q1 00:31,35.483333333333334,143,steal,G. Payton II STEAL (1 STL),[],Payton II,23,18,,False,False,1627780,,turnover,substitution,,,,1627780|1627814|1629026|1629603|1629647|1629660|1629673|1630177|1630228|203952,1627780|1627814|1629673|1630228|203952,1629026|1629603|1629647|1629660|1630177,,,1610612744.0,22100813
1,PT00M27.40S,00:27,Q1 00:27,35.55,145,substitution,SUB out: T. Maledon,[],Maledon,23,18,,False,False,1630177,,steal,substitution,,,,1627780|1627814|1629026|1629603|1629647|1629660|1629673|1630228|203952,1629026|1629603|1629647|1629660,1627780|1627814|1629673|1630228|203952,,,1610612760.0,22100813
1,PT00M27.40S,00:27,Q1 00:27,35.55,146,substitution,SUB out: G. Payton II,[],Payton II,23,18,,False,False,1627780,,substitution,substitution,,,,1627814|1629026|1629603|1629647|1629660|1629673|1630228|203952,1627814|1629673|1630228|203952,1629026|1629603|1629647|1629660,,,1610612744.0,22100813
1,PT00M27.40S,00:27,Q1 00:27,35.55,147,substitution,SUB in: L. Dort,[],Dort,23,18,,False,False,1629652,,substitution,substitution,,,,1627814|1629026|1629603|1629647|1629652|1629660|1629673|1630228|203952,1629026|1629603|1629647|1629652|1629660,1627814|1629673|1630228|203952,,,1610612760.0,22100813
1,PT00M27.40S,00:27,Q1 00:27,35.55,148,substitution,SUB in: S. Curry,[],Curry,23,18,,False,False,201939,,substitution,2pt made,,,,1627814|1629026|1629603|1629647|1629652|1629660|1629673|1630228|201939|203952,1627814|1629673|1630228|201939|203952,1629026|1629603|1629647|1629652|1629660,,,1610612744.0,22100813
1,PT00M12.60S,00:12,Q1 00:12,35.8,149,2pt,J. Kuminga cutting DUNK (5 PTS) (J. Poole 3 AST),"['pointsinthepaint', 'fromturnover']",Kuminga,23,20,Made,True,True,1630228,1629673.0,substitution,2pt missed,,,,1627814|1629026|1629603|1629647|1629652|1629660|1629673|1630228|201939|203952,1627814|1629673|1630228|201939|203952,1629026|1629603|1629647|1629652|1629660,23.0,38.0,1610612744.0,22100813
1,PT00M00.60S,00:00,Q1 00:00,36.0,151,2pt,MISS T. Jerome 15' driving floating Shot,['pointsinthepaint'],Jerome,23,20,Missed,True,False,1629660,,2pt made,rebound,,,,1627814|1629026|1629603|1629647|1629652|1629660|1629673|1630228|201939|203952,1629026|1629603|1629647|1629652|1629660,1627814|1629673|1630228|201939|203952,69.0,138.0,1610612760.0,22100813
1,PT00M00.60S,00:00,Q1 00:00,36.0,152,rebound,M. Diakite REBOUND (Off:1 Def:2),[],Diakite,23,20,,False,False,1629603,,2pt missed,substitution,,,,1627814|1629026|1629603|1629647|1629652|1629660|1629673|1630228|201939|203952,1629026|1629603|1629647|1629652|1629660,1627814|1629673|1630228|201939|203952,,,1610612760.0,22100813
2,PT12M00.00S,12:00,Q2 12:00,36.0,154,substitution,SUB out: D. Bazley,['startperiod'],Bazley,23,20,,False,False,1629647,,rebound,substitution,,,,1627814|1629026|1629603|1629652|1629660|1629673|1630228|201939|203952,1629026|1629603|1629652|1629660,1627814|1629673|1630228|201939|203952,,,1610612760.0,22100813
2,PT12M00.00S,12:00,Q2 12:00,36.0,155,substitution,SUB out: D. Lee,['startperiod'],Lee,23,20,,False,False,1627814,,substitution,substitution,,,,1629026|1629603|1629652|1629660|1629673|1630228|201939|203952,1629673|1630228|201939|203952,1629026|1629603|1629652|1629660,,,1610612744.0,22100813
2,PT12M00.00S,12:00,Q2 12:00,36.0,156,substitution,SUB out: A. Wiggins,['startperiod'],Wiggins,23,20,,False,False,203952,,substitution,substitution,,,,1629026|1629603|1629652|1629660|1629673|1630228|201939,1629673|1630228|201939,1629026|1629603|1629652|1629660,,,1610612744.0,22100813
2,PT12M00.00S,12:00,Q2 12:00,36.0,157,substitution,SUB in: J. Giddey,['startperiod'],Giddey,23,20,,False,False,1630581,,substitution,substitution,,,,1629026|1629603|1629652|1629660|1629673|1630228|1630581|201939,1629026|1629603|1629652|1629660|1630581,1629673|1630228|201939,,,1610612760.0,22100813
2,PT12M00.00S,12:00,Q2 12:00,36.0,158,substitution,SUB in: A. Iguodala,['startperiod'],Iguodala,23,20,,False,False,2738,,substitution,substitution,,,,1629026|1629603|1629652|1629660|1629673|1630228|1630581|201939|2738,1629673|1630228|201939|2738,1629026|1629603|1629652|1629660|1630581,,,1610612744.0,22100813
2,PT12M00.00S,12:00,Q2 12:00,36.0,159,substitution,SUB in: K. Thompson,['startperiod'],Thompson,23,20,,False,False,202691,,substitution,3pt missed,,,,1629026|1629603|1629652|1629660|1629673|1630228|1630581|201939|202691|2738,1629673|1630228|201939|202691|2738,1629026|1629603|1629652|1629660|1630581,,,1610612744.0,22100813
2,PT11M48.00S,11:48,Q2 11:48,34.2,161,3pt,MISS J. Poole 26' 3PT,[],Poole,23,20,Missed,True,False,1629673,,substitution,rebound,,,,1629026|1629603|1629652|1629660|1629673|1630228|1630581|201939|202691|2738,1629673|1630228|201939|202691|2738,1629026|1629603|1629652|1629660|1630581,181.0,200.0,1610612744.0,22100813
2,PT11M45.00S,11:45,Q2 11:45,34.25,162,rebound,J. Giddey REBOUND (Off:0 Def:4),[],Giddey,23,20,,False,False,1630581,,3pt missed,turnover,,,,1629026|1629603|1629652|1629660|1629673|1630228|1630581|201939|202691|2738,1629026|1629603|1629652|1629660|1630581,1629673|1630228|201939|202691|2738,,,1610612760.0,22100813
2,PT11M41.00S,11:41,Q2 11:41,34.31666666666667,163,turnover,J. Giddey bad pass out-of-bounds TURNOVER (2 TO),[],Giddey,23,20,,False,False,1630581,,rebound,foul,,,,1629026|1629603|1629652|1629660|1629673|1630228|1630581|201939|202691|2738,1629026|1629603|1629652|1629660|1630581,1629673|1630228|201939|202691|2738,,,1610612760.0,22100813
2,PT11M26.00S,11:26,Q2 11:26,34.56666666666667,164,foul,J. Giddey shooting personal FOUL (2 PF) (Kuminga 2 FT),['2freethrow'],Giddey,23,20,,False,False,1630581,,turnover,freethrow,1630228.0,,,1629026|1629603|1629652|1629660|1629673|1630228|1630581|201939|202691|2738,1629026|1629603|1629652|1629660|1630581,1629673|1630228|201939|202691|2738,,,1610612760.0,22100813
2,PT11M26.00S,11:26,Q2 11:26,34.56666666666667,166,freethrow,J. Kuminga Free Throw 1 of 2 (6 PTS),['fromturnover'],Kuminga,23,21,Made,False,False,1630228,,foul,freethrow,,,,1629026|1629603|1629652|1629660|1629673|1630228|1630581|201939|202691|2738,1629673|1630228|201939|202691|2738,1629026|1629603|1629652|1629660|1630581,,,1610612744.0,22100813
2,PT11M26.00S,11:26,Q2 11:26,34.56666666666667,167,freethrow,J. Kuminga Free Throw 2 of 2 (7 PTS),['fromturnover'],Kuminga,23,22,Made,False,False,1630228,,freethrow,3pt missed,,,,1629026|1629603|1629652|1629660|1629673|1630228|1630581|201939|202691|2738,1629673|1630228|201939|202691|2738,1629026|1629603|1629652|1629660|1630581,,,1610612744.0,22100813
2,PT11M14.00S,11:14,Q2 11:14,34.766666666666666,168,3pt,MISS L. Dort 27' 3PT,[],Dort,23,22,Missed,True,False,1629652,,freethrow,rebound,,,,1629026|1629603|1629652|1629660|1629673|1630228|1630581|201939|202691|2738,1629026|1629603|1629652|1629660|1630581,1629673|1630228|201939|202691|2738,211.0,184.0,1610612760.0,22100813
2,PT11M10.00S,11:10,Q2 11:10,34.833333333333336,169,rebound,J. Poole REBOUND (Off:0 Def:4),[],Poole,23,22,,False,False,1629673,,3pt missed,2pt made,,,,1629026|1629603|1629652|1629660|1629673|1630228|1630581|201939|202691|2738,1629673|1630228|201939|202691|2738,1629026|1629603|1629652|1629660|1630581,,,1610612744.0,22100813
2,PT10M58.00S,10:58,Q2 10:58,33.03333333333333,170,2pt,J. Poole driving DUNK (2 PTS) (J. Kuminga 1 AST),['pointsinthepaint'],Poole,23,24,Made,True,True,1629673,1630228.0,rebound,timeout,,,,1629026|1629603|1629652|1629660|1629673|1630228|1630581|201939|202691|2738,1629673|1630228|201939|202691|2738,1629026|1629603|1629652|1629660|1630581,20.0,23.0,1610612744.0,22100813
2,PT10M51.00S,10:51,Q2 10:51,33.15,172,timeout,OKC Timeout,"['team', 'mandatory']",,23,24,,False,False,0,,2pt made,2pt made,,,,1629026|1629603|1629652|1629660|1629673|1630228|1630581|201939|202691|2738,1629026|1629603|1629652|1629660|1630581,1629673|1630228|201939|202691|2738,,,1610612760.0,22100813
2,PT10M46.00S,10:46,Q2 10:46,33.233333333333334,173,2pt,L. Dort driving reverse Layup (7 PTS),['pointsinthepaint'],Dort,25,24,Made,True,False,1629652,,timeout,foul,,,,1629026|1629603|1629652|1629660|1629673|1630228|1630581|201939|202691|2738,1629026|1629603|1629652|1629660|1630581,1629673|1630228|201939|202691|2738,-25.0,27.0,1610612760.0,22100813
2,PT10M46.00S,10:46,Q2 10:46,33.233333333333334,174,foul,J. Poole shooting personal FOUL (2 PF) (Dort 1 FT),['1freethrow'],Poole,25,24,,False,False,1629673,,2pt made,freethrow,1629652.0,,,1629026|1629603|1629652|1629660|1629673|1630228|1630581|201939|202691|2738,1629673|1630228|201939|202691|2738,1629026|1629603|1629652|1629660|1630581,,,1610612744.0,22100813
2,PT10M46.00S,10:46,Q2 10:46,33.233333333333334,176,freethrow,L. Dort Free Throw 1 of 1 (8 PTS),[],Dort,26,24,Made,False,False,1629652,,foul,2pt made,,,,1629026|1629603|1629652|1629660|1629673|1630228|1630581|201939|202691|2738,1629026|1629603|1629652|1629660|1630581,1629673|1630228|201939|202691|2738,,,1610612760.0,22100813
2,PT10M35.00S,10:35,Q2 10:35,33.416666666666664,177,2pt,J. Kuminga alley-oop DUNK (9 PTS) (A. Iguodala 1 AST),['pointsinthepaint'],Kuminga,26,26,Made,True,True,1630228,2738.0,freethrow,2pt made,,,,1629026|1629603|1629652|1629660|1629673|1630228|1630581|201939|202691|2738,1629673|1630228|201939|202691|2738,1629026|1629603|1629652|1629660|1630581,-25.0,20.0,1610612744.0,22100813
2,PT10M19.00S,10:19,Q2 10:19,33.68333333333333,179,2pt,M. Diakite Layup (4 PTS),['pointsinthepaint'],Diakite,28,26,Made,True,False,1629603,,2pt made,2pt missed,,,,1629026|1629603|1629652|1629660|1629673|1630228|1630581|201939|202691|2738,1629026|1629603|1629652|1629660|1630581,1629673|1630228|201939|202691|2738,13.0,40.0,1610612760.0,22100813
2,PT10M05.00S,10:05,Q2 10:05,33.916666666666664,180,2pt,MISS K. Thompson 8' driving finger roll Layup,['pointsinthepaint'],Thompson,28,26,Missed,True,False,202691,,2pt made,rebound,,,,1629026|1629603|1629652|1629660|1629673|1630228|1630581|201939|202691|2738,1629673|1630228|201939|202691|2738,1629026|1629603|1629652|1629660|1630581,-43.0,68.0,1610612744.0,22100813
2,PT10M04.00S,10:04,Q2 10:04,33.93333333333333,181,rebound,J. Giddey REBOUND (Off:0 Def:5),[],Giddey,28,26,,False,False,1630581,,2pt missed,2pt missed,,,,1629026|1629603|1629652|1629660|1629673|1630228|1630581|201939|202691|2738,1629026|1629603|1629652|1629660|1630581,1629673|1630228|201939|202691|2738,,,1610612760.0,22100813
2,PT09M51.00S,09:51,Q2 09:51,32.15,182,2pt,MISS L. Dort 6' driving floating Shot,['pointsinthepaint'],Dort,28,26,Missed,True,False,1629652,,rebound,rebound,,,,1629026|1629603|1629652|1629660|1629673|1630228|1630581|201939|202691|2738,1629026|1629603|1629652|1629660|1630581,1629673|1630228|201939|202691|2738,21.0,63.0,1610612760.0,22100813
2,PT09M49.00S,09:49,Q2 09:49,32.18333333333333,183,rebound,A. Iguodala REBOUND (Off:0 Def:1),[],Iguodala,28,26,,False,False,2738,,2pt missed,turnover,,,,1629026|1629603|1629652|1629660|1629673|1630228|1630581|201939|202691|2738,1629673|1630228|201939|202691|2738,1629026|1629603|1629652|1629660|1630581,,,1610612744.0,22100813
2,PT09M45.00S,09:45,Q2 09:45,32.25,184,turnover,S. Curry lost ball TURNOVER (4 TO),[],Curry,28,26,,False,False,201939,,rebound,steal,,1629026.0,,1629026|1629603|1629652|1629660|1629673|1630228|1630581|201939|202691|2738,1629673|1630228|201939|202691|2738,1629026|1629603|1629652|1629660|1630581,,,1610612744.0,22100813
2,PT09M45.00S,09:45,Q2 09:45,32.25,185,steal,K. Williams STEAL (1 STL),[],Williams,28,26,,False,False,1629026,,turnover,foul,,,,1629026|1629603|1629652|1629660|1629673|1630228|1630581|201939|202691|2738,1629026|1629603|1629652|1629660|1630581,1629673|1630228|201939|202691|2738,,,1610612760.0,22100813
2,PT09M45.00S,09:45,Q2 09:45,32.25,186,foul,S. Curry personal FOUL (1 PF),[],Curry,28,26,,False,False,201939,,steal,substitution,1629026.0,,,1629026|1629603|1629652|1629660|1629673|1630228|1630581|201939|202691|2738,1629673|1630228|201939|202691|2738,1629026|1629603|1629652|1629660|1630581,,,1610612744.0,22100813
2,PT09M45.00S,09:45,Q2 09:45,32.25,188,substitution,SUB out: M. Diakite,[],Diakite,28,26,,False,False,1629603,,foul,substitution,,,,1629026|1629652|1629660|1629673|1630228|1630581|201939|202691|2738,1629026|1629652|1629660|1630581,1629673|1630228|201939|202691|2738,,,1610612760.0,22100813
2,PT09M45.00S,09:45,Q2 09:45,32.25,189,substitution,SUB in: D. Favors,[],Favors,28,26,,False,False,202324,,substitution,turnover,,,,1629026|1629652|1629660|1629673|1630228|1630581|201939|202324|202691|2738,1629026|1629652|1629660|1630581|202324,1629673|1630228|201939|202691|2738,,,1610612760.0,22100813
2,PT09M34.00S,09:34,Q2 09:34,32.43333333333333,190,turnover,J. Giddey lost ball TURNOVER (3 TO),[],Giddey,28,26,,False,False,1630581,,substitution,steal,,1629673.0,,1629026|1629652|1629660|1629673|1630228|1630581|201939|202324|202691|2738,1629026|1629652|1629660|1630581|202324,1629673|1630228|201939|202691|2738,,,1610612760.0,22100813
2,PT09M34.00S,09:34,Q2 09:34,32.43333333333333,191,steal,J. Poole STEAL (1 STL),[],Poole,28,26,,False,False,1629673,,turnover,2pt made,,,,1629026|1629652|1629660|1629673|1630228|1630581|201939|202324|202691|2738,1629673|1630228|201939|202691|2738,1629026|1629652|1629660|1630581|202324,,,1610612744.0,22100813
2,PT09M30.00S,09:30,Q2 09:30,32.5,192,2pt,J. Kuminga 6' running alley-oop Layup (11 PTS) (J. Poole 4 AST),"['pointsinthepaint', 'fromturnover']",Kuminga,28,28,Made,True,True,1630228,1629673.0,steal,2pt missed,,,,1629026|1629652|1629660|1629673|1630228|1630581|201939|202324|202691|2738,1629673|1630228|201939|202691|2738,1629026|1629652|1629660|1630581|202324,-32.0,60.0,1610612744.0,22100813
2,PT09M13.00S,09:13,Q2 09:13,32.78333333333333,194,2pt,MISS T. Jerome 7' driving floating Shot,['pointsinthepaint'],Jerome,28,28,Missed,True,False,1629660,,2pt made,rebound,,,,1629026|1629652|1629660|1629673|1630228|1630581|201939|202324|202691|2738,1629026|1629652|1629660|1630581|202324,1629673|1630228|201939|202691|2738,25.0,69.0,1610612760.0,22100813
2,PT09M10.00S,09:10,Q2 09:10,32.833333333333336,195,rebound,L. Dort REBOUND (Off:1 Def:0),[],Dort,28,28,,False,False,1629652,,2pt missed,2pt missed,,,,1629026|1629652|1629660|1629673|1630228|1630581|201939|202324|202691|2738,1629026|1629652|1629660|1630581|202324,1629673|1630228|201939|202691|2738,,,1610612760.0,22100813
2,PT09M04.00S,09:04,Q2 09:04,32.93333333333333,196,2pt,MISS J. Giddey 7' driving floating bank Shot,"['pointsinthepaint', '2ndchance']",Giddey,28,28,Missed,True,False,1630581,,rebound,rebound,,,,1629026|1629652|1629660|1629673|1630228|1630581|201939|202324|202691|2738,1629026|1629652|1629660|1630581|202324,1629673|1630228|201939|202691|2738,43.0,66.0,1610612760.0,22100813
2,PT09M01.00S,09:01,Q2 09:01,32.983333333333334,197,rebound,A. Iguodala REBOUND (Off:0 Def:2),[],Iguodala,28,28,,False,False,2738,,2pt missed,3pt missed,,,,1629026|1629652|1629660|1629673|1630228|1630581|201939|202324|202691|2738,1629673|1630228|201939|202691|2738,1629026|1629652|1629660|1630581|202324,,,1610612744.0,22100813
2,PT08M54.00S,08:54,Q2 08:54,31.1,198,3pt,MISS J. Kuminga 24' 3PT,[],Kuminga,28,28,Missed,True,False,1630228,,rebound,rebound,,,,1629026|1629652|1629660|1629673|1630228|1630581|201939|202324|202691|2738,1629673|1630228|201939|202691|2738,1629026|1629652|1629660|1630581|202324,-237.0,49.0,1610612744.0,22100813
2,PT08M52.00S,08:52,Q2 08:52,31.133333333333333,199,rebound,L. Dort REBOUND (Off:1 Def:1),[],Dort,28,28,,False,False,1629652,,3pt missed,substitution,,,,1629026|1629652|1629660|1629673|1630228|1630581|201939|202324|202691|2738,1629026|1629652|1629660|1630581|202324,1629673|1630228|201939|202691|2738,,,1610612760.0,22100813
2,PT08M48.00S,08:48,Q2 08:48,31.2,201,substitution,SUB out: J. Poole,[],Poole,28,28,,False,False,1629673,,rebound,substitution,,,,1629026|1629652|1629660|1630228|1630581|201939|202324|202691|2738,1630228|201939|202691|2738,1629026|1629652|1629660|1630581|202324,,,1610612744.0,22100813
2,PT08M48.00S,08:48,Q2 08:48,31.2,202,substitution,SUB in: D. Lee,[],Lee,28,28,,False,False,1627814,,substitution,3pt made,,,,1627814|1629026|1629652|1629660|1630228|1630581|201939|202324|202691|2738,1627814|1630228|201939|202691|2738,1629026|1629652|1629660|1630581|202324,,,1610612744.0,22100813
2,PT08M43.00S,08:43,Q2 08:43,31.283333333333335,203,3pt,K. Williams 3PT  (3 PTS) (T. Jerome 1 AST),[],Williams,31,28,Made,True,True,1629026,1629660.0,substitution,2pt made,,,,1627814|1629026|1629652|1629660|1630228|1630581|201939|202324|202691|2738,1629026|1629652|1629660|1630581|202324,1627814|1630228|201939|202691|2738,230.0,10.0,1610612760.0,22100813
2,PT08M30.00S,08:30,Q2 08:30,31.5,205,2pt,K. Thompson 14' step back Jump Shot (4 PTS) (S. Curry 1 AST),[],Thompson,31,30,Made,True,True,202691,201939.0,3pt made,foul,,,,1627814|1629026|1629652|1629660|1630228|1630581|201939|202324|202691|2738,1627814|1630228|201939|202691|2738,1629026|1629652|1629660|1630581|202324,145.0,21.0,1610612744.0,22100813
2,PT08M09.00S,08:09,Q2 08:09,31.85,207,foul,L. Dort charge offensive FOUL (2 PF),[],Dort,31,30,,False,False,1629652,,2pt made,turnover,1630228.0,,,1627814|1629026|1629652|1629660|1630228|1630581|201939|202324|202691|2738,1629026|1629652|1629660|1630581|202324,1627814|1630228|201939|202691|2738,,,1610612760.0,22100813
2,PT08M09.00S,08:09,Q2 08:09,31.85,209,turnover,L. Dort offensive foul TURNOVER (3 TO),[],Dort,31,30,,False,False,1629652,,foul,substitution,,,,1627814|1629026|1629652|1629660|1630228|1630581|201939|202324|202691|2738,1629026|1629652|1629660|1630581|202324,1627814|1630228|201939|202691|2738,,,1610612760.0,22100813
2,PT08M09.00S,08:09,Q2 08:09,31.85,210,substitution,SUB out: J. Giddey,[],Giddey,31,30,,False,False,1630581,,turnover,substitution,,,,1627814|1629026|1629652|1629660|1630228|201939|202324|202691|2738,1629026|1629652|1629660|202324,1627814|1630228|201939|202691|2738,,,1610612760.0,22100813
2,PT08M09.00S,08:09,Q2 08:09,31.85,211,substitution,SUB in: T. Maledon,[],Maledon,31,30,,False,False,1630177,,substitution,3pt made,,,,1627814|1629026|1629652|1629660|1630177|1630228|201939|202324|202691|2738,1629026|1629652|1629660|1630177|202324,1627814|1630228|201939|202691|2738,,,1610612760.0,22100813
2,PT08M03.00S,08:03,Q2 08:03,31.95,212,3pt,S. Curry 27' 3PT pullup (8 PTS),['fromturnover'],Curry,31,33,Made,True,False,201939,,substitution,timeout,,,,1627814|1629026|1629652|1629660|1630177|1630228|201939|202324|202691|2738,1627814|1630228|201939|202691|2738,1629026|1629652|1629660|1630177|202324,66.0,263.0,1610612744.0,22100813
2,PT08M03.00S,08:03,Q2 08:03,31.95,215,timeout,OKC Timeout,"['team', 'mandatory']",,31,33,,False,False,0,,3pt made,2pt missed,,,,1627814|1629026|1629652|1629660|1630177|1630228|201939|202324|202691|2738,1629026|1629652|1629660|1630177|202324,1627814|1630228|201939|202691|2738,,,1610612760.0,22100813
2,PT07M52.00S,07:52,Q2 07:52,30.133333333333333,217,2pt,MISS L. Dort 7' driving Layup,['pointsinthepaint'],Dort,31,33,Missed,True,False,1629652,,timeout,rebound,,,,1627814|1629026|1629652|1629660|1630177|1630228|201939|202324|202691|2738,1629026|1629652|1629660|1630177|202324,1627814|1630228|201939|202691|2738,43.0,56.0,1610612760.0,22100813
2,PT07M50.00S,07:50,Q2 07:50,30.166666666666668,218,rebound,TEAM offensive REBOUND,['team'],,31,33,,False,False,0,,2pt missed,3pt missed,,,,1627814|1629026|1629652|1629660|1630177|1630228|201939|202324|202691|2738,1629026|1629652|1629660|1630177|202324,1627814|1630228|201939|202691|2738,,,1610612760.0,22100813
2,PT07M35.00S,07:35,Q2 07:35,30.416666666666668,224,3pt,MISS K. Williams 26' pullup 3PT,['2ndchance'],Williams,31,33,Missed,True,False,1629026,,rebound,rebound,,,,1627814|1629026|1629652|1629660|1630177|1630228|201939|202324|202691|2738,1629026|1629652|1629660|1630177|202324,1627814|1630228|201939|202691|2738,112.0,243.0,1610612760.0,22100813
2,PT07M32.00S,07:32,Q2 07:32,30.466666666666665,225,rebound,T. Maledon REBOUND (Off:1 Def:0),[],Maledon,31,33,,False,False,1630177,,3pt missed,turnover,,,,1627814|1629026|1629652|1629660|1630177|1630228|201939|202324|202691|2738,1629026|1629652|1629660|1630177|202324,1627814|1630228|201939|202691|2738,,,1610612760.0,22100813
2,PT07M31.00S,07:31,Q2 07:31,30.483333333333334,226,turnover,T. Maledon bad pass out-of-bounds TURNOVER (2 TO),[],Maledon,31,33,,False,False,1630177,,rebound,2pt missed,,,,1627814|1629026|1629652|1629660|1630177|1630228|201939|202324|202691|2738,1629026|1629652|1629660|1630177|202324,1627814|1630228|201939|202691|2738,,,1610612760.0,22100813
2,PT07M18.00S,07:18,Q2 07:18,30.7,227,2pt,MISS J. Kuminga cutting Layup - blocked,"['pointsinthepaint', 'fromturnover']",Kuminga,31,33,Missed,True,False,1630228,,turnover,block,,,1629026.0,1627814|1629026|1629652|1629660|1630177|1630228|201939|202324|202691|2738,1627814|1630228|201939|202691|2738,1629026|1629652|1629660|1630177|202324,-33.0,7.0,1610612744.0,22100813
2,PT07M18.00S,07:18,Q2 07:18,30.7,228,block,K. Williams BLOCK (1 BLK),[],Williams,31,33,,False,False,1629026,,2pt missed,rebound,,,,1627814|1629026|1629652|1629660|1630177|1630228|201939|202324|202691|2738,1629026|1629652|1629660|1630177|202324,1627814|1630228|201939|202691|2738,,,1610612760.0,22100813
2,PT07M17.00S,07:17,Q2 07:17,30.716666666666665,229,rebound,K. Williams REBOUND (Off:0 Def:2),[],Williams,31,33,,False,False,1629026,,block,turnover,,,,1627814|1629026|1629652|1629660|1630177|1630228|201939|202324|202691|2738,1629026|1629652|1629660|1630177|202324,1627814|1630228|201939|202691|2738,,,1610612760.0,22100813
2,PT07M15.00S,07:15,Q2 07:15,30.75,648,turnover,K. Williams lost ball TURNOVER (1 TO),[],Williams,31,33,,False,False,1629026,,rebound,steal,,2738.0,,1627814|1629026|1629652|1629660|1630177|1630228|201939|202324|202691|2738,1629026|1629652|1629660|1630177|202324,1627814|1630228|201939|202691|2738,,,1610612760.0,22100813
2,PT07M15.00S,07:15,Q2 07:15,30.75,649,steal,A. Iguodala STEAL (1 STL),[],Iguodala,31,33,,False,False,2738,,turnover,3pt made,,,,1627814|1629026|1629652|1629660|1630177|1630228|201939|202324|202691|2738,1627814|1630228|201939|202691|2738,1629026|1629652|1629660|1630177|202324,,,1610612744.0,22100813
2,PT07M07.00S,07:07,Q2 07:07,30.883333333333333,230,3pt,D. Lee 27' 3PT  (3 PTS) (A. Iguodala 2 AST),['fromturnover'],Lee,31,36,Made,True,True,1627814,2738.0,steal,3pt made,,,,1627814|1629026|1629652|1629660|1630177|1630228|201939|202324|202691|2738,1627814|1630228|201939|202691|2738,1629026|1629652|1629660|1630177|202324,113.0,252.0,1610612744.0,22100813
2,PT06M53.00S,06:53,Q2 06:53,29.116666666666667,232,3pt,L. Dort 27' 3PT pullup (11 PTS) (K. Williams 3 AST),[],Dort,34,36,Made,True,True,1629652,1629026.0,3pt made,3pt made,,,,1627814|1629026|1629652|1629660|1630177|1630228|201939|202324|202691|2738,1629026|1629652|1629660|1630177|202324,1627814|1630228|201939|202691|2738,92.0,261.0,1610612760.0,22100813
2,PT06M34.00S,06:34,Q2 06:34,29.433333333333334,234,3pt,A. Iguodala 25' 3PT  (3 PTS) (J. Kuminga 2 AST),[],Iguodala,34,39,Made,True,True,2738,1630228.0,3pt made,foul,,,,1627814|1629026|1629652|1629660|1630177|1630228|201939|202324|202691|2738,1627814|1630228|201939|202691|2738,1629026|1629652|1629660|1630177|202324,-29.0,257.0,1610612744.0,22100813
2,PT06M14.00S,06:14,Q2 06:14,29.766666666666666,236,foul,A. Iguodala personal FOUL (1 PF),[],Iguodala,34,39,,False,False,2738,,3pt made,substitution,1629652.0,,,1627814|1629026|1629652|1629660|1630177|1630228|201939|202324|202691|2738,1627814|1630228|201939|202691|2738,1629026|1629652|1629660|1630177|202324,,,1610612744.0,22100813
2,PT06M14.00S,06:14,Q2 06:14,29.766666666666666,238,substitution,SUB out: T. Jerome,[],Jerome,34,39,,False,False,1629660,,foul,substitution,,,,1627814|1629026|1629652|1630177|1630228|201939|202324|202691|2738,1629026|1629652|1630177|202324,1627814|1630228|201939|202691|2738,,,1610612760.0,22100813
2,PT06M14.00S,06:14,Q2 06:14,29.766666666666666,239,substitution,SUB out: T. Maledon,[],Maledon,34,39,,False,False,1630177,,substitution,substitution,,,,1627814|1629026|1629652|1630228|201939|202324|202691|2738,1629026|1629652|202324,1627814|1630228|201939|202691|2738,,,1610612760.0,22100813
2,PT06M14.00S,06:14,Q2 06:14,29.766666666666666,240,substitution,SUB out: A. Iguodala,[],Iguodala,34,39,,False,False,2738,,substitution,substitution,,,,1627814|1629026|1629652|1630228|201939|202324|202691,1627814|1630228|201939|202691,1629026|1629652|202324,,,1610612744.0,22100813
2,PT06M14.00S,06:14,Q2 06:14,29.766666666666666,241,substitution,SUB in: T. Mann,[],Mann,34,39,,False,False,1630544,,substitution,substitution,,,,1627814|1629026|1629652|1630228|1630544|201939|202324|202691,1629026|1629652|1630544|202324,1627814|1630228|201939|202691,,,1610612760.0,22100813
2,PT06M14.00S,06:14,Q2 06:14,29.766666666666666,242,substitution,SUB in: D. Bazley,[],Bazley,34,39,,False,False,1629647,,substitution,substitution,,,,1627814|1629026|1629647|1629652|1630228|1630544|201939|202324|202691,1629026|1629647|1629652|1630544|202324,1627814|1630228|201939|202691,,,1610612760.0,22100813
2,PT06M14.00S,06:14,Q2 06:14,29.766666666666666,243,substitution,SUB in: A. Wiggins,[],Wiggins,34,39,,False,False,203952,,substitution,substitution,,,,1627814|1629026|1629647|1629652|1630228|1630544|201939|202324|202691|203952,1627814|1630228|201939|202691|203952,1629026|1629647|1629652|1630544|202324,,,1610612744.0,22100813
2,PT06M14.00S,06:14,Q2 06:14,29.766666666666666,244,substitution,SUB out: S. Curry,[],Curry,34,39,,False,False,201939,,substitution,substitution,,,,1627814|1629026|1629647|1629652|1630228|1630544|202324|202691|203952,1627814|1630228|202691|203952,1629026|1629647|1629652|1630544|202324,,,1610612744.0,22100813
2,PT06M14.00S,06:14,Q2 06:14,29.766666666666666,245,substitution,SUB in: J. Poole,[],Poole,34,39,,False,False,1629673,,substitution,substitution,,,,1627814|1629026|1629647|1629652|1629673|1630228|1630544|202324|202691|203952,1627814|1629673|1630228|202691|203952,1629026|1629647|1629652|1630544|202324,,,1610612744.0,22100813
2,PT06M14.00S,06:14,Q2 06:14,29.766666666666666,246,substitution,SUB out: L. Dort,[],Dort,34,39,,False,False,1629652,,substitution,substitution,,,,1627814|1629026|1629647|1629673|1630228|1630544|202324|202691|203952,1629026|1629647|1630544|202324,1627814|1629673|1630228|202691|203952,,,1610612760.0,22100813
2,PT06M14.00S,06:14,Q2 06:14,29.766666666666666,247,substitution,SUB in: T. Maledon,[],Maledon,34,39,,False,False,1630177,,substitution,2pt missed,,,,1627814|1629026|1629647|1629673|1630177|1630228|1630544|202324|202691|203952,1629026|1629647|1630177|1630544|202324,1627814|1629673|1630228|202691|203952,,,1610612760.0,22100813
2,PT06M01.00S,06:01,Q2 06:01,29.983333333333334,248,2pt,MISS K. Williams Hook,['pointsinthepaint'],Williams,34,39,Missed,True,False,1629026,,substitution,rebound,,,,1627814|1629026|1629647|1629673|1630177|1630228|1630544|202324|202691|203952,1629026|1629647|1630177|1630544|202324,1627814|1629673|1630228|202691|203952,-26.0,41.0,1610612760.0,22100813
2,PT05M59.00S,05:59,Q2 05:59,28.016666666666666,249,rebound,K. Williams REBOUND (Off:1 Def:2),[],Williams,34,39,,False,False,1629026,,2pt missed,foul,,,,1627814|1629026|1629647|1629673|1630177|1630228|1630544|202324|202691|203952,1629026|1629647|1630177|1630544|202324,1627814|1629673|1630228|202691|203952,,,1610612760.0,22100813
2,PT05M58.00S,05:58,Q2 05:58,28.033333333333335,250,foul,K. Thompson personal FOUL (1 PF),[],Thompson,34,39,,False,False,202691,,rebound,substitution,1630177.0,,,1627814|1629026|1629647|1629673|1630177|1630228|1630544|202324|202691|203952,1627814|1629673|1630228|202691|203952,1629026|1629647|1630177|1630544|202324,,,1610612744.0,22100813
2,PT05M58.00S,05:58,Q2 05:58,28.033333333333335,252,substitution,SUB out: K. Thompson,[],Thompson,34,39,,False,False,202691,,foul,substitution,,,,1627814|1629026|1629647|1629673|1630177|1630228|1630544|202324|203952,1627814|1629673|1630228|203952,1629026|1629647|1630177|1630544|202324,,,1610612744.0,22100813
2,PT05M58.00S,05:58,Q2 05:58,28.033333333333335,253,substitution,SUB in: K. Looney,[],Looney,34,39,,False,False,1626172,,substitution,2pt missed,,,,1626172|1627814|1629026|1629647|1629673|1630177|1630228|1630544|202324|203952,1626172|1627814|1629673|1630228|203952,1629026|1629647|1630177|1630544|202324,,,1610612744.0,22100813
2,PT05M50.00S,05:50,Q2 05:50,28.166666666666668,254,2pt,MISS T. Mann 10' driving floating bank Shot,"['pointsinthepaint', '2ndchance']",Mann,34,39,Missed,True,False,1630544,,substitution,rebound,,,,1626172|1627814|1629026|1629647|1629673|1630177|1630228|1630544|202324|203952,1629026|1629647|1630177|1630544|202324,1626172|1627814|1629673|1630228|203952,72.0,69.0,1610612760.0,22100813
2,PT05M47.00S,05:47,Q2 05:47,28.216666666666665,255,rebound,K. Looney REBOUND (Off:0 Def:1),[],Looney,34,39,,False,False,1626172,,2pt missed,3pt made,,,,1626172|1627814|1629026|1629647|1629673|1630177|1630228|1630544|202324|203952,1626172|1627814|1629673|1630228|203952,1629026|1629647|1630177|1630544|202324,,,1610612744.0,22100813
2,PT05M31.00S,05:31,Q2 05:31,28.483333333333334,256,3pt,A. Wiggins 3PT  (8 PTS) (J. Poole 5 AST),[],Wiggins,34,42,Made,True,True,203952,1629673.0,rebound,3pt made,,,,1626172|1627814|1629026|1629647|1629673|1630177|1630228|1630544|202324|203952,1626172|1627814|1629673|1630228|203952,1629026|1629647|1630177|1630544|202324,-237.0,-1.0,1610612744.0,22100813
2,PT05M16.00S,05:16,Q2 05:16,28.733333333333334,258,3pt,T. Mann 26' 3PT  (5 PTS) (T. Maledon 1 AST),[],Mann,37,42,Made,True,True,1630544,1630177.0,3pt made,3pt missed,,,,1626172|1627814|1629026|1629647|1629673|1630177|1630228|1630544|202324|203952,1629026|1629647|1630177|1630544|202324,1626172|1627814|1629673|1630228|203952,-211.0,155.0,1610612760.0,22100813
2,PT05M07.00S,05:07,Q2 05:07,28.883333333333333,260,3pt,MISS D. Lee 25' running 3PT,[],Lee,37,42,Missed,True,False,1627814,,3pt made,rebound,,,,1626172|1627814|1629026|1629647|1629673|1630177|1630228|1630544|202324|203952,1626172|1627814|1629673|1630228|203952,1629026|1629647|1630177|1630544|202324,207.0,149.0,1610612744.0,22100813
2,PT05M05.00S,05:05,Q2 05:05,28.916666666666668,261,rebound,K. Looney REBOUND (Off:1 Def:1),[],Looney,37,42,,False,False,1626172,,3pt missed,2pt made,,,,1626172|1627814|1629026|1629647|1629673|1630177|1630228|1630544|202324|203952,1626172|1627814|1629673|1630228|203952,1629026|1629647|1630177|1630544|202324,,,1610612744.0,22100813
2,PT05M00.00S,05:00,Q2 05:00,29.0,262,2pt,A. Wiggins driving Layup (10 PTS) (K. Looney 1 AST),"['pointsinthepaint', '2ndchance']",Wiggins,37,44,Made,True,True,203952,1626172.0,rebound,2pt missed,,,,1626172|1627814|1629026|1629647|1629673|1630177|1630228|1630544|202324|203952,1626172|1627814|1629673|1630228|203952,1629026|1629647|1630177|1630544|202324,37.0,20.0,1610612744.0,22100813
2,PT04M43.00S,04:43,Q2 04:43,27.283333333333335,263,2pt,MISS D. Bazley driving Layup,['pointsinthepaint'],Bazley,37,44,Missed,True,False,1629647,,2pt made,rebound,,,,1626172|1627814|1629026|1629647|1629673|1630177|1630228|1630544|202324|203952,1629026|1629647|1630177|1630544|202324,1626172|1627814|1629673|1630228|203952,27.0,48.0,1610612760.0,22100813
2,PT04M39.00S,04:39,Q2 04:39,27.35,264,rebound,K. Looney REBOUND (Off:1 Def:2),[],Looney,37,44,,False,False,1626172,,2pt missed,turnover,,,,1626172|1627814|1629026|1629647|1629673|1630177|1630228|1630544|202324|203952,1626172|1627814|1629673|1630228|203952,1629026|1629647|1630177|1630544|202324,,,1610612744.0,22100813
2,PT04M35.00S,04:35,Q2 04:35,27.416666666666668,265,turnover,J. Kuminga lost ball out-of-bounds TURNOVER (1 TO),[],Kuminga,37,44,,False,False,1630228,,rebound,turnover,,,,1626172|1627814|1629026|1629647|1629673|1630177|1630228|1630544|202324|203952,1626172|1627814|1629673|1630228|203952,1629026|1629647|1630177|1630544|202324,,,1610612744.0,22100813
2,PT04M19.00S,04:19,Q2 04:19,27.683333333333334,266,turnover,K. Williams lost ball TURNOVER (2 TO),[],Williams,37,44,,False,False,1629026,,turnover,steal,,1629673.0,,1626172|1627814|1629026|1629647|1629673|1630177|1630228|1630544|202324|203952,1629026|1629647|1630177|1630544|202324,1626172|1627814|1629673|1630228|203952,,,1610612760.0,22100813
2,PT04M19.00S,04:19,Q2 04:19,27.683333333333334,267,steal,J. Poole STEAL (2 STL),[],Poole,37,44,,False,False,1629673,,turnover,3pt missed,,,,1626172|1627814|1629026|1629647|1629673|1630177|1630228|1630544|202324|203952,1626172|1627814|1629673|1630228|203952,1629026|1629647|1630177|1630544|202324,,,1610612744.0,22100813
2,PT04M01.00S,04:01,Q2 04:01,27.983333333333334,268,3pt,MISS J. Kuminga 26' 3PT,['fromturnover'],Kuminga,37,44,Missed,True,False,1630228,,steal,rebound,,,,1626172|1627814|1629026|1629647|1629673|1630177|1630228|1630544|202324|203952,1626172|1627814|1629673|1630228|203952,1629026|1629647|1630177|1630544|202324,-227.0,130.0,1610612744.0,22100813
2,PT03M58.00S,03:58,Q2 03:58,26.033333333333335,269,rebound,T. Maledon REBOUND (Off:1 Def:1),[],Maledon,37,44,,False,False,1630177,,3pt missed,3pt missed,,,,1626172|1627814|1629026|1629647|1629673|1630177|1630228|1630544|202324|203952,1629026|1629647|1630177|1630544|202324,1626172|1627814|1629673|1630228|203952,,,1610612760.0,22100813
2,PT03M47.00S,03:47,Q2 03:47,26.216666666666665,270,3pt,MISS T. Mann 26' 3PT,[],Mann,37,44,Missed,True,False,1630544,,rebound,rebound,,,,1626172|1627814|1629026|1629647|1629673|1630177|1630228|1630544|202324|203952,1629026|1629647|1630177|1630544|202324,1626172|1627814|1629673|1630228|203952,-202.0,166.0,1610612760.0,22100813
2,PT03M45.00S,03:45,Q2 03:45,26.25,271,rebound,J. Kuminga REBOUND (Off:0 Def:1),[],Kuminga,37,44,,False,False,1630228,,3pt missed,timeout,,,,1626172|1627814|1629026|1629647|1629673|1630177|1630228|1630544|202324|203952,1626172|1627814|1629673|1630228|203952,1629026|1629647|1630177|1630544|202324,,,1610612744.0,22100813
2,PT03M41.00S,03:41,Q2 03:41,26.316666666666666,272,timeout,GSW Timeout,['team'],,37,44,,False,False,0,,rebound,substitution,,,,1626172|1627814|1629026|1629647|1629673|1630177|1630228|1630544|202324|203952,1626172|1627814|1629673|1630228|203952,1629026|1629647|1630177|1630544|202324,,,1610612744.0,22100813
2,PT03M41.00S,03:41,Q2 03:41,26.316666666666666,273,substitution,SUB out: T. Maledon,[],Maledon,37,44,,False,False,1630177,,timeout,substitution,,,,1626172|1627814|1629026|1629647|1629673|1630228|1630544|202324|203952,1629026|1629647|1630544|202324,1626172|1627814|1629673|1630228|203952,,,1610612760.0,22100813
2,PT03M41.00S,03:41,Q2 03:41,26.316666666666666,274,substitution,SUB out: D. Favors,[],Favors,37,44,,False,False,202324,,substitution,substitution,,,,1626172|1627814|1629026|1629647|1629673|1630228|1630544|203952,1629026|1629647|1630544,1626172|1627814|1629673|1630228|203952,,,1610612760.0,22100813
2,PT03M41.00S,03:41,Q2 03:41,26.316666666666666,275,substitution,SUB out: K. Williams,[],Williams,37,44,,False,False,1629026,,substitution,substitution,,,,1626172|1627814|1629647|1629673|1630228|1630544|203952,1629647|1630544,1626172|1627814|1629673|1630228|203952,,,1610612760.0,22100813
2,PT03M41.00S,03:41,Q2 03:41,26.316666666666666,276,substitution,SUB out: J. Kuminga,[],Kuminga,37,44,,False,False,1630228,,substitution,substitution,,,,1626172|1627814|1629647|1629673|1630544|203952,1626172|1627814|1629673|203952,1629647|1630544,,,1610612744.0,22100813
2,PT03M41.00S,03:41,Q2 03:41,26.316666666666666,277,substitution,SUB out: D. Lee,[],Lee,37,44,,False,False,1627814,,substitution,substitution,,,,1626172|1629647|1629673|1630544|203952,1626172|1629673|203952,1629647|1630544,,,1610612744.0,22100813
2,PT03M41.00S,03:41,Q2 03:41,26.316666666666666,278,substitution,SUB in: L. Dort,[],Dort,37,44,,False,False,1629652,,substitution,substitution,,,,1626172|1629647|1629652|1629673|1630544|203952,1629647|1629652|1630544,1626172|1629673|203952,,,1610612760.0,22100813
2,PT03M41.00S,03:41,Q2 03:41,26.316666666666666,279,substitution,SUB in: M. Diakite,[],Diakite,37,44,,False,False,1629603,,substitution,substitution,,,,1626172|1629603|1629647|1629652|1629673|1630544|203952,1629603|1629647|1629652|1630544,1626172|1629673|203952,,,1610612760.0,22100813
2,PT03M41.00S,03:41,Q2 03:41,26.316666666666666,280,substitution,SUB in: J. Giddey,[],Giddey,37,44,,False,False,1630581,,substitution,substitution,,,,1626172|1629603|1629647|1629652|1629673|1630544|1630581|203952,1629603|1629647|1629652|1630544|1630581,1626172|1629673|203952,,,1610612760.0,22100813
2,PT03M41.00S,03:41,Q2 03:41,26.316666666666666,281,substitution,SUB in: S. Curry,[],Curry,37,44,,False,False,201939,,substitution,substitution,,,,1626172|1629603|1629647|1629652|1629673|1630544|1630581|201939|203952,1626172|1629673|201939|203952,1629603|1629647|1629652|1630544|1630581,,,1610612744.0,22100813
2,PT03M41.00S,03:41,Q2 03:41,26.316666666666666,282,substitution,SUB in: O. Porter Jr.,[],Porter Jr.,37,44,,False,False,203490,,substitution,turnover,,,,1626172|1629603|1629647|1629652|1629673|1630544|1630581|201939|203490|203952,1626172|1629673|201939|203490|203952,1629603|1629647|1629652|1630544|1630581,,,1610612744.0,22100813
2,PT03M30.00S,03:30,Q2 03:30,26.5,283,turnover,K. Looney bad pass TURNOVER (2 TO),[],Looney,37,44,,False,False,1626172,,substitution,steal,,1629652.0,,1626172|1629603|1629647|1629652|1629673|1630544|1630581|201939|203490|203952,1626172|1629673|201939|203490|203952,1629603|1629647|1629652|1630544|1630581,,,1610612744.0,22100813
2,PT03M30.00S,03:30,Q2 03:30,26.5,284,steal,L. Dort STEAL (1 STL),[],Dort,37,44,,False,False,1629652,,turnover,turnover,,,,1626172|1629603|1629647|1629652|1629673|1630544|1630581|201939|203490|203952,1629603|1629647|1629652|1630544|1630581,1626172|1629673|201939|203490|203952,,,1610612760.0,22100813
2,PT03M27.00S,03:27,Q2 03:27,26.55,285,turnover,L. Dort bad pass TURNOVER (4 TO),[],Dort,37,44,,False,False,1629652,,steal,steal,,203490.0,,1626172|1629603|1629647|1629652|1629673|1630544|1630581|201939|203490|203952,1629603|1629647|1629652|1630544|1630581,1626172|1629673|201939|203490|203952,,,1610612760.0,22100813
2,PT03M27.00S,03:27,Q2 03:27,26.55,286,steal,O. Porter Jr. STEAL (1 STL),[],Porter Jr.,37,44,,False,False,203490,,turnover,foul,,,,1626172|1629603|1629647|1629652|1629673|1630544|1630581|201939|203490|203952,1626172|1629673|201939|203490|203952,1629603|1629647|1629652|1630544|1630581,,,1610612744.0,22100813
2,PT03M20.00S,03:20,Q2 03:20,26.666666666666668,287,foul,A. Wiggins charge offensive FOUL (2 PF),[],Wiggins,37,44,,False,False,203952,,steal,turnover,1629603.0,,,1626172|1629603|1629647|1629652|1629673|1630544|1630581|201939|203490|203952,1626172|1629673|201939|203490|203952,1629603|1629647|1629652|1630544|1630581,,,1610612744.0,22100813
2,PT03M20.00S,03:20,Q2 03:20,26.666666666666668,289,turnover,A. Wiggins offensive foul TURNOVER (1 TO),[],Wiggins,37,44,,False,False,203952,,foul,3pt missed,,,,1626172|1629603|1629647|1629652|1629673|1630544|1630581|201939|203490|203952,1626172|1629673|201939|203490|203952,1629603|1629647|1629652|1630544|1630581,,,1610612744.0,22100813
2,PT02M59.00S,02:59,Q2 02:59,25.016666666666666,290,3pt,MISS D. Bazley 28' 3PT,['fromturnover'],Bazley,37,44,Missed,True,False,1629647,,turnover,rebound,,,,1626172|1629603|1629647|1629652|1629673|1630544|1630581|201939|203490|203952,1629603|1629647|1629652|1630544|1630581,1626172|1629673|201939|203490|203952,-137.0,250.0,1610612760.0,22100813
2,PT02M57.00S,02:57,Q2 02:57,25.05,291,rebound,J. Giddey REBOUND (Off:1 Def:5),[],Giddey,37,44,,False,False,1630581,,3pt missed,2pt missed,,,,1626172|1629603|1629647|1629652|1629673|1630544|1630581|201939|203490|203952,1629603|1629647|1629652|1630544|1630581,1626172|1629673|201939|203490|203952,,,1610612760.0,22100813
2,PT02M56.00S,02:56,Q2 02:56,25.066666666666666,292,2pt,MISS J. Giddey 8' floating Shot,"['pointsinthepaint', 'fromturnover', '2ndchance']",Giddey,37,44,Missed,True,False,1630581,,rebound,rebound,,,,1626172|1629603|1629647|1629652|1629673|1630544|1630581|201939|203490|203952,1629603|1629647|1629652|1630544|1630581,1626172|1629673|201939|203490|203952,10.0,88.0,1610612760.0,22100813
2,PT02M54.00S,02:54,Q2 02:54,25.1,293,rebound,J. Giddey REBOUND (Off:2 Def:5),[],Giddey,37,44,,False,False,1630581,,2pt missed,2pt missed,,,,1626172|1629603|1629647|1629652|1629673|1630544|1630581|201939|203490|203952,1629603|1629647|1629652|1630544|1630581,1626172|1629673|201939|203490|203952,,,1610612760.0,22100813
2,PT02M54.00S,02:54,Q2 02:54,25.1,294,2pt,MISS J. Giddey 8' tip Layup,"['pointsinthepaint', 'fromturnover', '2ndchance']",Giddey,37,44,Missed,True,False,1630581,,rebound,rebound,,,,1626172|1629603|1629647|1629652|1629673|1630544|1630581|201939|203490|203952,1629603|1629647|1629652|1630544|1630581,1626172|1629673|201939|203490|203952,4.0,80.0,1610612760.0,22100813
2,PT02M52.00S,02:52,Q2 02:52,25.133333333333333,295,rebound,S. Curry REBOUND (Off:0 Def:2),[],Curry,37,44,,False,False,201939,,2pt missed,3pt made,,,,1626172|1629603|1629647|1629652|1629673|1630544|1630581|201939|203490|203952,1626172|1629673|201939|203490|203952,1629603|1629647|1629652|1630544|1630581,,,1610612744.0,22100813
2,PT02M48.00S,02:48,Q2 02:48,25.2,297,3pt,J. Poole 3PT running (5 PTS) (S. Curry 2 AST),[],Poole,37,47,Made,True,True,1629673,201939.0,rebound,foul,,,,1626172|1629603|1629647|1629652|1629673|1630544|1630581|201939|203490|203952,1626172|1629673|201939|203490|203952,1629603|1629647|1629652|1630544|1630581,232.0,11.0,1610612744.0,22100813
2,PT02M29.00S,02:29,Q2 02:29,25.516666666666666,299,foul,S. Curry personal FOUL (2 PF) (Dort 2 FT),"['inpenalty', '2freethrow']",Curry,37,47,,False,False,201939,,3pt made,freethrow,1629652.0,,,1626172|1629603|1629647|1629652|1629673|1630544|1630581|201939|203490|203952,1626172|1629673|201939|203490|203952,1629603|1629647|1629652|1630544|1630581,,,1610612744.0,22100813
2,PT02M29.00S,02:29,Q2 02:29,25.516666666666666,301,freethrow,MISS L. Dort Free Throw 1 of 2,[],Dort,37,47,Missed,False,False,1629652,,foul,rebound,,,,1626172|1629603|1629647|1629652|1629673|1630544|1630581|201939|203490|203952,1629603|1629647|1629652|1630544|1630581,1626172|1629673|201939|203490|203952,,,1610612760.0,22100813
2,PT02M29.00S,02:29,Q2 02:29,25.516666666666666,302,rebound,TEAM offensive REBOUND,"['deadball', 'team']",,37,47,,False,False,0,,freethrow,freethrow,,,,1626172|1629603|1629647|1629652|1629673|1630544|1630581|201939|203490|203952,1629603|1629647|1629652|1630544|1630581,1626172|1629673|201939|203490|203952,,,1610612760.0,22100813
2,PT02M29.00S,02:29,Q2 02:29,25.516666666666666,303,freethrow,L. Dort Free Throw 2 of 2 (12 PTS),[],Dort,38,47,Made,False,False,1629652,,rebound,2pt made,,,,1626172|1629603|1629647|1629652|1629673|1630544|1630581|201939|203490|203952,1629603|1629647|1629652|1630544|1630581,1626172|1629673|201939|203490|203952,,,1610612760.0,22100813
2,PT02M15.00S,02:15,Q2 02:15,25.75,304,2pt,K. Looney cutting DUNK (2 PTS) (J. Poole 6 AST),['pointsinthepaint'],Looney,38,49,Made,True,True,1626172,1629673.0,freethrow,2pt missed,,,,1626172|1629603|1629647|1629652|1629673|1630544|1630581|201939|203490|203952,1626172|1629673|201939|203490|203952,1629603|1629647|1629652|1630544|1630581,20.0,50.0,1610612744.0,22100813
2,PT01M57.00S,01:57,Q2 01:57,24.05,306,2pt,MISS J. Giddey 16' pullup Shot,[],Giddey,38,49,Missed,True,False,1630581,,2pt made,rebound,,,,1626172|1629603|1629647|1629652|1629673|1630544|1630581|201939|203490|203952,1629603|1629647|1629652|1630544|1630581,1626172|1629673|201939|203490|203952,33.0,159.0,1610612760.0,22100813
2,PT01M55.00S,01:55,Q2 01:55,24.083333333333332,307,rebound,K. Looney REBOUND (Off:1 Def:3),[],Looney,38,49,,False,False,1626172,,2pt missed,3pt missed,,,,1626172|1629603|1629647|1629652|1629673|1630544|1630581|201939|203490|203952,1626172|1629673|201939|203490|203952,1629603|1629647|1629652|1630544|1630581,,,1610612744.0,22100813
2,PT01M49.00S,01:49,Q2 01:49,24.183333333333334,308,3pt,MISS J. Poole 27' 3PT,[],Poole,38,49,Missed,True,False,1629673,,rebound,rebound,,,,1626172|1629603|1629647|1629652|1629673|1630544|1630581|201939|203490|203952,1626172|1629673|201939|203490|203952,1629603|1629647|1629652|1630544|1630581,174.0,207.0,1610612744.0,22100813
2,PT01M46.00S,01:46,Q2 01:46,24.233333333333334,309,rebound,J. Giddey REBOUND (Off:2 Def:6),[],Giddey,38,49,,False,False,1630581,,3pt missed,foul,,,,1626172|1629603|1629647|1629652|1629673|1630544|1630581|201939|203490|203952,1629603|1629647|1629652|1630544|1630581,1626172|1629673|201939|203490|203952,,,1610612760.0,22100813
2,PT01M43.00S,01:43,Q2 01:43,24.283333333333335,310,foul,K. Looney shooting personal FOUL (2 PF) (Dort 2 FT),"['inpenalty', '2freethrow']",Looney,38,49,,False,False,1626172,,rebound,freethrow,1629652.0,,,1626172|1629603|1629647|1629652|1629673|1630544|1630581|201939|203490|203952,1626172|1629673|201939|203490|203952,1629603|1629647|1629652|1630544|1630581,,,1610612744.0,22100813
2,PT01M43.00S,01:43,Q2 01:43,24.283333333333335,312,freethrow,L. Dort Free Throw 1 of 2 (13 PTS),[],Dort,39,49,Made,False,False,1629652,,foul,freethrow,,,,1626172|1629603|1629647|1629652|1629673|1630544|1630581|201939|203490|203952,1629603|1629647|1629652|1630544|1630581,1626172|1629673|201939|203490|203952,,,1610612760.0,22100813
2,PT01M43.00S,01:43,Q2 01:43,24.283333333333335,316,freethrow,MISS L. Dort Free Throw 2 of 2,[],Dort,39,49,Missed,False,False,1629652,,freethrow,substitution,,,,1626172|1629603|1629647|1629652|1629673|1630544|1630581|201939|203490|203952,1629603|1629647|1629652|1630544|1630581,1626172|1629673|201939|203490|203952,,,1610612760.0,22100813
2,PT01M43.00S,01:43,Q2 01:43,24.283333333333335,313,substitution,SUB out: M. Diakite,[],Diakite,39,49,,False,False,1629603,,freethrow,substitution,,,,1626172|1629647|1629652|1629673|1630544|1630581|201939|203490|203952,1629647|1629652|1630544|1630581,1626172|1629673|201939|203490|203952,,,1610612760.0,22100813
2,PT01M43.00S,01:43,Q2 01:43,24.283333333333335,314,substitution,SUB in: K. Williams,[],Williams,39,49,,False,False,1629026,,substitution,rebound,,,,1626172|1629026|1629647|1629652|1629673|1630544|1630581|201939|203490|203952,1629026|1629647|1629652|1630544|1630581,1626172|1629673|201939|203490|203952,,,1610612760.0,22100813
2,PT01M41.00S,01:41,Q2 01:41,24.316666666666666,317,rebound,K. Looney REBOUND (Off:1 Def:4),[],Looney,39,49,,False,False,1626172,,substitution,2pt made,,,,1626172|1629026|1629647|1629652|1629673|1630544|1630581|201939|203490|203952,1626172|1629673|201939|203490|203952,1629026|1629647|1629652|1630544|1630581,,,1610612744.0,22100813
2,PT01M29.00S,01:29,Q2 01:29,24.516666666666666,318,2pt,J. Poole 14' driving floating Jump Shot (7 PTS),['pointsinthepaint'],Poole,39,51,Made,True,False,1629673,,rebound,3pt made,,,,1626172|1629026|1629647|1629652|1629673|1630544|1630581|201939|203490|203952,1626172|1629673|201939|203490|203952,1629026|1629647|1629652|1630544|1630581,-69.0,130.0,1610612744.0,22100813
2,PT01M16.00S,01:16,Q2 01:16,24.733333333333334,319,3pt,T. Mann 28' 3PT pullup (8 PTS),[],Mann,42,51,Made,True,False,1630544,,2pt made,2pt made,,,,1626172|1629026|1629647|1629652|1629673|1630544|1630581|201939|203490|203952,1629026|1629647|1629652|1630544|1630581,1626172|1629673|201939|203490|203952,135.0,247.0,1610612760.0,22100813
2,PT01M02.00S,01:02,Q2 01:02,24.966666666666665,321,2pt,K. Looney Layup (4 PTS) (S. Curry 3 AST),['pointsinthepaint'],Looney,42,53,Made,True,True,1626172,201939.0,3pt made,2pt made,,,,1626172|1629026|1629647|1629652|1629673|1630544|1630581|201939|203490|203952,1626172|1629673|201939|203490|203952,1629026|1629647|1629652|1630544|1630581,-25.0,39.0,1610612744.0,22100813
2,PT00M53.40S,00:53,Q2 00:53,23.116666666666667,323,2pt,J. Giddey driving Layup (6 PTS),['pointsinthepaint'],Giddey,44,53,Made,True,False,1630581,,2pt made,3pt missed,,,,1626172|1629026|1629647|1629652|1629673|1630544|1630581|201939|203490|203952,1629026|1629647|1629652|1630544|1630581,1626172|1629673|201939|203490|203952,33.0,46.0,1610612760.0,22100813
2,PT00M39.80S,00:39,Q2 00:39,23.35,324,3pt,MISS A. Wiggins 24' 3PT,[],Wiggins,44,53,Missed,True,False,203952,,2pt made,rebound,,,,1626172|1629026|1629647|1629652|1629673|1630544|1630581|201939|203490|203952,1626172|1629673|201939|203490|203952,1629026|1629647|1629652|1630544|1630581,-227.0,84.0,1610612744.0,22100813
2,PT00M38.30S,00:38,Q2 00:38,23.366666666666667,325,rebound,TEAM offensive REBOUND,['team'],,44,53,,False,False,0,,3pt missed,foul,,,,1626172|1629026|1629647|1629652|1629673|1630544|1630581|201939|203490|203952,1626172|1629673|201939|203490|203952,1629026|1629647|1629652|1630544|1630581,,,1610612744.0,22100813
2,PT00M38.30S,00:38,Q2 00:38,23.366666666666667,326,foul,J. Giddey loose ball personal FOUL (3 PF),[],Giddey,44,53,,False,False,1630581,,rebound,3pt made,1629673.0,,,1626172|1629026|1629647|1629652|1629673|1630544|1630581|201939|203490|203952,1629026|1629647|1629652|1630544|1630581,1626172|1629673|201939|203490|203952,,,1610612760.0,22100813
2,PT00M25.60S,00:25,Q2 00:25,23.583333333333332,328,3pt,A. Wiggins 3PT  (13 PTS) (J. Poole 7 AST),['2ndchance'],Wiggins,44,56,Made,True,True,203952,1629673.0,foul,2pt made,,,,1626172|1629026|1629647|1629652|1629673|1630544|1630581|201939|203490|203952,1626172|1629673|201939|203490|203952,1629026|1629647|1629652|1630544|1630581,-233.0,48.0,1610612744.0,22100813
2,PT00M04.40S,00:04,Q2 00:04,23.933333333333334,330,2pt,D. Bazley reverse DUNK (7 PTS) (T. Mann 1 AST),['pointsinthepaint'],Bazley,46,56,Made,True,True,1629647,1630544.0,3pt made,3pt missed,,,,1626172|1629026|1629647|1629652|1629673|1630544|1630581|201939|203490|203952,1629026|1629647|1629652|1630544|1630581,1626172|1629673|201939|203490|203952,16.0,32.0,1610612760.0,22100813
2,PT00M00.00S,00:00,Q2 00:00,24.0,332,3pt,MISS S. Curry 34' running pullup 3PT,[],Curry,46,56,Missed,True,False,201939,,2pt made,rebound,,,,1626172|1629026|1629647|1629652|1629673|1630544|1630581|201939|203490|203952,1626172|1629673|201939|203490|203952,1629026|1629647|1629652|1630544|1630581,97.0,328.0,1610612744.0,22100813
2,PT00M00.00S,00:00,Q2 00:00,24.0,333,rebound,TEAM offensive REBOUND,['team'],,46,56,,False,False,0,,3pt missed,substitution,,,,1626172|1629026|1629647|1629652|1629673|1630544|1630581|201939|203490|203952,1626172|1629673|201939|203490|203952,1629026|1629647|1629652|1630544|1630581,,,1610612744.0,22100813
3,PT12M00.00S,12:00,Q3 12:00,24.0,335,substitution,SUB out: K. Williams,['startperiod'],Williams,46,56,,False,False,1629026,,rebound,substitution,,,,1626172|1629647|1629652|1629673|1630544|1630581|201939|203490|203952,1629647|1629652|1630544|1630581,1626172|1629673|201939|203490|203952,,,1610612760.0,22100813
3,PT12M00.00S,12:00,Q3 12:00,24.0,336,substitution,SUB out: J. Poole,['startperiod'],Poole,46,56,,False,False,1629673,,substitution,substitution,,,,1626172|1629647|1629652|1630544|1630581|201939|203490|203952,1626172|201939|203490|203952,1629647|1629652|1630544|1630581,,,1610612744.0,22100813
3,PT12M00.00S,12:00,Q3 12:00,24.0,337,substitution,SUB in: D. Favors,['startperiod'],Favors,46,56,,False,False,202324,,substitution,substitution,,,,1626172|1629647|1629652|1630544|1630581|201939|202324|203490|203952,1629647|1629652|1630544|1630581|202324,1626172|201939|203490|203952,,,1610612760.0,22100813
3,PT12M00.00S,12:00,Q3 12:00,24.0,338,substitution,SUB in: K. Thompson,['startperiod'],Thompson,46,56,,False,False,202691,,substitution,2pt missed,,,,1626172|1629647|1629652|1630544|1630581|201939|202324|202691|203490|203952,1626172|201939|202691|203490|203952,1629647|1629652|1630544|1630581|202324,,,1610612744.0,22100813
3,PT11M46.00S,11:46,Q3 11:46,22.233333333333334,340,2pt,MISS K. Looney cutting Layup,['pointsinthepaint'],Looney,46,56,Missed,True,False,1626172,,substitution,rebound,,,,1626172|1629647|1629652|1630544|1630581|201939|202324|202691|203490|203952,1626172|201939|202691|203490|203952,1629647|1629652|1630544|1630581|202324,38.0,20.0,1610612744.0,22100813
3,PT11M43.00S,11:43,Q3 11:43,22.283333333333335,341,rebound,D. Bazley REBOUND (Off:0 Def:4),[],Bazley,46,56,,False,False,1629647,,2pt missed,turnover,,,,1626172|1629647|1629652|1630544|1630581|201939|202324|202691|203490|203952,1629647|1629652|1630544|1630581|202324,1626172|201939|202691|203490|203952,,,1610612760.0,22100813
3,PT11M31.00S,11:31,Q3 11:31,22.483333333333334,342,turnover,L. Dort lost ball TURNOVER (5 TO),[],Dort,46,56,,False,False,1629652,,rebound,steal,,201939.0,,1626172|1629647|1629652|1630544|1630581|201939|202324|202691|203490|203952,1629647|1629652|1630544|1630581|202324,1626172|201939|202691|203490|203952,,,1610612760.0,22100813
3,PT11M31.00S,11:31,Q3 11:31,22.483333333333334,343,steal,S. Curry STEAL (1 STL),[],Curry,46,56,,False,False,201939,,turnover,2pt made,,,,1626172|1629647|1629652|1630544|1630581|201939|202324|202691|203490|203952,1626172|201939|202691|203490|203952,1629647|1629652|1630544|1630581|202324,,,1610612744.0,22100813
3,PT11M26.00S,11:26,Q3 11:26,22.566666666666666,344,2pt,K. Thompson 14' step back Jump Shot (6 PTS),"['fastbreak', 'pointsinthepaint', 'fromturnover']",Thompson,46,58,Made,True,False,202691,,steal,3pt missed,,,,1626172|1629647|1629652|1630544|1630581|201939|202324|202691|203490|203952,1626172|201939|202691|203490|203952,1629647|1629652|1630544|1630581|202324,67.0,124.0,1610612744.0,22100813
3,PT11M05.00S,11:05,Q3 11:05,22.916666666666668,345,3pt,MISS J. Giddey 28' 3PT,[],Giddey,46,58,Missed,True,False,1630581,,2pt made,rebound,,,,1626172|1629647|1629652|1630544|1630581|201939|202324|202691|203490|203952,1629647|1629652|1630544|1630581|202324,1626172|201939|202691|203490|203952,-164.0,231.0,1610612760.0,22100813
3,PT11M03.00S,11:03,Q3 11:03,22.95,346,rebound,TEAM defensive REBOUND,['team'],,46,58,,False,False,0,,3pt missed,3pt missed,,,,1626172|1629647|1629652|1630544|1630581|201939|202324|202691|203490|203952,1626172|201939|202691|203490|203952,1629647|1629652|1630544|1630581|202324,,,1610612744.0,22100813
3,PT10M50.00S,10:50,Q3 10:50,21.166666666666668,348,3pt,MISS S. Curry 28' pullup 3PT,[],Curry,46,58,Missed,True,False,201939,,rebound,rebound,,,,1626172|1629647|1629652|1630544|1630581|201939|202324|202691|203490|203952,1626172|201939|202691|203490|203952,1629647|1629652|1630544|1630581|202324,96.0,266.0,1610612744.0,22100813
3,PT10M46.00S,10:46,Q3 10:46,21.233333333333334,349,rebound,J. Giddey REBOUND (Off:2 Def:7),[],Giddey,46,58,,False,False,1630581,,3pt missed,2pt made,,,,1626172|1629647|1629652|1630544|1630581|201939|202324|202691|203490|203952,1629647|1629652|1630544|1630581|202324,1626172|201939|202691|203490|203952,,,1610612760.0,22100813
3,PT10M37.00S,10:37,Q3 10:37,21.383333333333333,350,2pt,D. Bazley driving reverse Layup (9 PTS) (J. Giddey 3 AST),['pointsinthepaint'],Bazley,48,58,Made,True,True,1629647,1630581.0,rebound,turnover,,,,1626172|1629647|1629652|1630544|1630581|201939|202324|202691|203490|203952,1629647|1629652|1630544|1630581|202324,1626172|201939|202691|203490|203952,32.0,23.0,1610612760.0,22100813
3,PT10M16.00S,10:16,Q3 10:16,21.733333333333334,352,turnover,A. Wiggins bad pass TURNOVER (2 TO),[],Wiggins,48,58,,False,False,203952,,2pt made,steal,,1629652.0,,1626172|1629647|1629652|1630544|1630581|201939|202324|202691|203490|203952,1626172|201939|202691|203490|203952,1629647|1629652|1630544|1630581|202324,,,1610612744.0,22100813
3,PT10M16.00S,10:16,Q3 10:16,21.733333333333334,353,steal,L. Dort STEAL (2 STL),[],Dort,48,58,,False,False,1629652,,turnover,2pt missed,,,,1626172|1629647|1629652|1630544|1630581|201939|202324|202691|203490|203952,1629647|1629652|1630544|1630581|202324,1626172|201939|202691|203490|203952,,,1610612760.0,22100813
3,PT10M10.00S,10:10,Q3 10:10,21.833333333333332,354,2pt,MISS D. Bazley running Layup,"['pointsinthepaint', 'fromturnover', 'fastbreak']",Bazley,48,58,Missed,True,False,1629647,,steal,rebound,,,,1626172|1629647|1629652|1630544|1630581|201939|202324|202691|203490|203952,1629647|1629652|1630544|1630581|202324,1626172|201939|202691|203490|203952,42.0,29.0,1610612760.0,22100813
3,PT10M10.00S,10:10,Q3 10:10,21.833333333333332,355,rebound,D. Bazley REBOUND (Off:1 Def:4),[],Bazley,48,58,,False,False,1629647,,2pt missed,foul,,,,1626172|1629647|1629652|1630544|1630581|201939|202324|202691|203490|203952,1629647|1629652|1630544|1630581|202324,1626172|201939|202691|203490|203952,,,1610612760.0,22100813
3,PT10M10.00S,10:10,Q3 10:10,21.833333333333332,356,foul,O. Porter Jr. shooting personal FOUL (1 PF) (Bazley 2 FT),['2freethrow'],Porter Jr.,48,58,,False,False,203490,,rebound,freethrow,1629647.0,,,1626172|1629647|1629652|1630544|1630581|201939|202324|202691|203490|203952,1626172|201939|202691|203490|203952,1629647|1629652|1630544|1630581|202324,,,1610612744.0,22100813
3,PT10M10.00S,10:10,Q3 10:10,21.833333333333332,358,freethrow,MISS D. Bazley Free Throw 1 of 2,"['fromturnover', '2ndchance']",Bazley,48,58,Missed,False,False,1629647,,foul,rebound,,,,1626172|1629647|1629652|1630544|1630581|201939|202324|202691|203490|203952,1629647|1629652|1630544|1630581|202324,1626172|201939|202691|203490|203952,,,1610612760.0,22100813
3,PT10M10.00S,10:10,Q3 10:10,21.833333333333332,359,rebound,TEAM offensive REBOUND,"['deadball', 'team']",,48,58,,False,False,0,,freethrow,freethrow,,,,1626172|1629647|1629652|1630544|1630581|201939|202324|202691|203490|203952,1629647|1629652|1630544|1630581|202324,1626172|201939|202691|203490|203952,,,1610612760.0,22100813
3,PT10M10.00S,10:10,Q3 10:10,21.833333333333332,360,freethrow,D. Bazley Free Throw 2 of 2 (10 PTS),"['fromturnover', '2ndchance']",Bazley,49,58,Made,False,False,1629647,,rebound,3pt made,,,,1626172|1629647|1629652|1630544|1630581|201939|202324|202691|203490|203952,1629647|1629652|1630544|1630581|202324,1626172|201939|202691|203490|203952,,,1610612760.0,22100813
3,PT09M47.00S,09:47,Q3 09:47,20.216666666666665,361,3pt,K. Thompson 28' 3PT  (9 PTS) (S. Curry 4 AST),[],Thompson,49,61,Made,True,True,202691,201939.0,freethrow,3pt missed,,,,1626172|1629647|1629652|1630544|1630581|201939|202324|202691|203490|203952,1626172|201939|202691|203490|203952,1629647|1629652|1630544|1630581|202324,88.0,274.0,1610612744.0,22100813
3,PT09M18.00S,09:18,Q3 09:18,20.7,363,3pt,MISS J. Giddey 27' 3PT,[],Giddey,49,61,Missed,True,False,1630581,,3pt made,rebound,,,,1626172|1629647|1629652|1630544|1630581|201939|202324|202691|203490|203952,1629647|1629652|1630544|1630581|202324,1626172|201939|202691|203490|203952,-134.0,244.0,1610612760.0,22100813
3,PT09M16.00S,09:16,Q3 09:16,20.733333333333334,364,rebound,K. Thompson REBOUND (Off:0 Def:1),[],Thompson,49,61,,False,False,202691,,3pt missed,2pt made,,,,1626172|1629647|1629652|1630544|1630581|201939|202324|202691|203490|203952,1626172|201939|202691|203490|203952,1629647|1629652|1630544|1630581|202324,,,1610612744.0,22100813
3,PT09M11.00S,09:11,Q3 09:11,20.816666666666666,365,2pt,O. Porter Jr. cutting Layup (2 PTS) (K. Thompson 2 AST),['pointsinthepaint'],Porter Jr.,49,63,Made,True,True,203490,202691.0,rebound,timeout,,,,1626172|1629647|1629652|1630544|1630581|201939|202324|202691|203490|203952,1626172|201939|202691|203490|203952,1629647|1629652|1630544|1630581|202324,22.0,42.0,1610612744.0,22100813
3,PT09M11.00S,09:11,Q3 09:11,20.816666666666666,367,timeout,OKC Timeout,"['team', 'mandatory']",,49,63,,False,False,0,,2pt made,2pt made,,,,1626172|1629647|1629652|1630544|1630581|201939|202324|202691|203490|203952,1629647|1629652|1630544|1630581|202324,1626172|201939|202691|203490|203952,,,1610612760.0,22100813
3,PT09M00.00S,09:00,Q3 09:00,21.0,368,2pt,L. Dort 9' driving floating Jump Shot (15 PTS),['pointsinthepaint'],Dort,51,63,Made,True,False,1629652,,timeout,3pt missed,,,,1626172|1629647|1629652|1630544|1630581|201939|202324|202691|203490|203952,1629647|1629652|1630544|1630581|202324,1626172|201939|202691|203490|203952,-4.0,92.0,1610612760.0,22100813
3,PT08M40.00S,08:40,Q3 08:40,19.333333333333332,369,3pt,MISS A. Wiggins 26' 3PT,[],Wiggins,51,63,Missed,True,False,203952,,2pt made,rebound,,,,1626172|1629647|1629652|1630544|1630581|201939|202324|202691|203490|203952,1626172|201939|202691|203490|203952,1629647|1629652|1630544|1630581|202324,206.0,166.0,1610612744.0,22100813
3,PT08M38.00S,08:38,Q3 08:38,19.366666666666667,370,rebound,D. Bazley REBOUND (Off:1 Def:5),[],Bazley,51,63,,False,False,1629647,,3pt missed,2pt missed,,,,1626172|1629647|1629652|1630544|1630581|201939|202324|202691|203490|203952,1629647|1629652|1630544|1630581|202324,1626172|201939|202691|203490|203952,,,1610612760.0,22100813
3,PT08M31.00S,08:31,Q3 08:31,19.483333333333334,371,2pt,MISS T. Mann 15' pullup Shot,[],Mann,51,63,Missed,True,False,1630544,,rebound,rebound,,,,1626172|1629647|1629652|1630544|1630581|201939|202324|202691|203490|203952,1629647|1629652|1630544|1630581|202324,1626172|201939|202691|203490|203952,17.0,157.0,1610612760.0,22100813
3,PT08M28.00S,08:28,Q3 08:28,19.533333333333335,372,rebound,S. Curry REBOUND (Off:0 Def:3),[],Curry,51,63,,False,False,201939,,2pt missed,2pt made,,,,1626172|1629647|1629652|1630544|1630581|201939|202324|202691|203490|203952,1626172|201939|202691|203490|203952,1629647|1629652|1630544|1630581|202324,,,1610612744.0,22100813
3,PT08M21.00S,08:21,Q3 08:21,19.65,373,2pt,K. Looney 12' Jump Shot (6 PTS) (S. Curry 5 AST),['pointsinthepaint'],Looney,51,65,Made,True,True,1626172,201939.0,rebound,3pt made,,,,1626172|1629647|1629652|1630544|1630581|201939|202324|202691|203490|203952,1626172|201939|202691|203490|203952,1629647|1629652|1630544|1630581|202324,55.0,110.0,1610612744.0,22100813
3,PT07M59.00S,07:59,Q3 07:59,18.016666666666666,375,3pt,T. Mann 24' 3PT step back (11 PTS) (J. Giddey 4 AST),[],Mann,54,65,Made,True,True,1630544,1630581.0,2pt made,3pt made,,,,1626172|1629647|1629652|1630544|1630581|201939|202324|202691|203490|203952,1629647|1629652|1630544|1630581|202324,1626172|201939|202691|203490|203952,-233.0,62.0,1610612760.0,22100813
3,PT07M40.00S,07:40,Q3 07:40,18.333333333333332,377,3pt,S. Curry 28' 3PT pullup (11 PTS),[],Curry,54,68,Made,True,False,201939,,3pt made,3pt missed,,,,1626172|1629647|1629652|1630544|1630581|201939|202324|202691|203490|203952,1626172|201939|202691|203490|203952,1629647|1629652|1630544|1630581|202324,-108.0,263.0,1610612744.0,22100813
3,PT07M30.00S,07:30,Q3 07:30,18.5,378,3pt,MISS L. Dort 26' 3PT,[],Dort,54,68,Missed,True,False,1629652,,3pt made,rebound,,,,1626172|1629647|1629652|1630544|1630581|201939|202324|202691|203490|203952,1629647|1629652|1630544|1630581|202324,1626172|201939|202691|203490|203952,221.0,153.0,1610612760.0,22100813
3,PT07M27.00S,07:27,Q3 07:27,18.55,379,rebound,S. Curry REBOUND (Off:0 Def:4),[],Curry,54,68,,False,False,201939,,3pt missed,3pt missed,,,,1626172|1629647|1629652|1630544|1630581|201939|202324|202691|203490|203952,1626172|201939|202691|203490|203952,1629647|1629652|1630544|1630581|202324,,,1610612744.0,22100813
3,PT07M23.00S,07:23,Q3 07:23,18.616666666666667,380,3pt,MISS S. Curry 27' running pullup 3PT,['fastbreak'],Curry,54,68,Missed,True,False,201939,,rebound,rebound,,,,1626172|1629647|1629652|1630544|1630581|201939|202324|202691|203490|203952,1626172|201939|202691|203490|203952,1629647|1629652|1630544|1630581|202324,-54.0,266.0,1610612744.0,22100813
3,PT07M22.00S,07:22,Q3 07:22,18.633333333333333,381,rebound,TEAM defensive REBOUND,['team'],,54,68,,False,False,0,,3pt missed,3pt missed,,,,1626172|1629647|1629652|1630544|1630581|201939|202324|202691|203490|203952,1629647|1629652|1630544|1630581|202324,1626172|201939|202691|203490|203952,,,1610612760.0,22100813
3,PT07M07.00S,07:07,Q3 07:07,18.883333333333333,383,3pt,MISS J. Giddey 28' 3PT,[],Giddey,54,68,Missed,True,False,1630581,,rebound,rebound,,,,1626172|1629647|1629652|1630544|1630581|201939|202324|202691|203490|203952,1629647|1629652|1630544|1630581|202324,1626172|201939|202691|203490|203952,-165.0,230.0,1610612760.0,22100813
3,PT07M04.00S,07:04,Q3 07:04,18.933333333333334,384,rebound,S. Curry REBOUND (Off:0 Def:5),[],Curry,54,68,,False,False,201939,,3pt missed,foul,,,,1626172|1629647|1629652|1630544|1630581|201939|202324|202691|203490|203952,1626172|201939|202691|203490|203952,1629647|1629652|1630544|1630581|202324,,,1610612744.0,22100813
3,PT06M48.00S,06:48,Q3 06:48,17.2,385,foul,D. Favors shooting personal FOUL (1 PF) (Thompson 2 FT),['2freethrow'],Favors,54,68,,False,False,202324,,rebound,freethrow,202691.0,,,1626172|1629647|1629652|1630544|1630581|201939|202324|202691|203490|203952,1629647|1629652|1630544|1630581|202324,1626172|201939|202691|203490|203952,,,1610612760.0,22100813
3,PT06M48.00S,06:48,Q3 06:48,17.2,387,freethrow,K. Thompson Free Throw 1 of 2 (10 PTS),[],Thompson,54,69,Made,False,False,202691,,foul,freethrow,,,,1626172|1629647|1629652|1630544|1630581|201939|202324|202691|203490|203952,1626172|201939|202691|203490|203952,1629647|1629652|1630544|1630581|202324,,,1610612744.0,22100813
3,PT06M48.00S,06:48,Q3 06:48,17.2,388,freethrow,K. Thompson Free Throw 2 of 2 (11 PTS),[],Thompson,54,70,Made,False,False,202691,,freethrow,foul,,,,1626172|1629647|1629652|1630544|1630581|201939|202324|202691|203490|203952,1626172|201939|202691|203490|203952,1629647|1629652|1630544|1630581|202324,,,1610612744.0,22100813
3,PT06M32.00S,06:32,Q3 06:32,17.466666666666665,389,foul,K. Looney shooting personal FOUL (3 PF) (Giddey 2 FT),['2freethrow'],Looney,54,70,,False,False,1626172,,freethrow,freethrow,1630581.0,,,1626172|1629647|1629652|1630544|1630581|201939|202324|202691|203490|203952,1626172|201939|202691|203490|203952,1629647|1629652|1630544|1630581|202324,,,1610612744.0,22100813
3,PT06M32.00S,06:32,Q3 06:32,17.466666666666665,391,freethrow,J. Giddey Free Throw 1 of 2 (7 PTS),[],Giddey,55,70,Made,False,False,1630581,,foul,freethrow,,,,1626172|1629647|1629652|1630544|1630581|201939|202324|202691|203490|203952,1629647|1629652|1630544|1630581|202324,1626172|201939|202691|203490|203952,,,1610612760.0,22100813
3,PT06M32.00S,06:32,Q3 06:32,17.466666666666665,392,freethrow,J. Giddey Free Throw 2 of 2 (8 PTS),[],Giddey,56,70,Made,False,False,1630581,,freethrow,3pt missed,,,,1626172|1629647|1629652|1630544|1630581|201939|202324|202691|203490|203952,1629647|1629652|1630544|1630581|202324,1626172|201939|202691|203490|203952,,,1610612760.0,22100813
3,PT06M22.00S,06:22,Q3 06:22,17.633333333333333,393,3pt,MISS O. Porter Jr. 25' 3PT,[],Porter Jr.,56,70,Missed,True,False,203490,,freethrow,rebound,,,,1626172|1629647|1629652|1630544|1630581|201939|202324|202691|203490|203952,1626172|201939|202691|203490|203952,1629647|1629652|1630544|1630581|202324,-168.0,192.0,1610612744.0,22100813
3,PT06M18.00S,06:18,Q3 06:18,17.7,394,rebound,T. Mann REBOUND (Off:0 Def:1),[],Mann,56,70,,False,False,1630544,,3pt missed,3pt made,,,,1626172|1629647|1629652|1630544|1630581|201939|202324|202691|203490|203952,1629647|1629652|1630544|1630581|202324,1626172|201939|202691|203490|203952,,,1610612760.0,22100813
3,PT06M12.00S,06:12,Q3 06:12,17.8,395,3pt,D. Bazley 25' 3PT  (13 PTS) (T. Mann 2 AST),[],Bazley,59,70,Made,True,True,1629647,1630544.0,rebound,foul,,,,1626172|1629647|1629652|1630544|1630581|201939|202324|202691|203490|203952,1629647|1629652|1630544|1630581|202324,1626172|201939|202691|203490|203952,-185.0,179.0,1610612760.0,22100813
3,PT05M52.00S,05:52,Q3 05:52,16.133333333333333,397,foul,L. Dort shooting personal FOUL (3 PF) (Curry 2 FT),['2freethrow'],Dort,59,70,,False,False,1629652,,3pt made,freethrow,201939.0,,,1626172|1629647|1629652|1630544|1630581|201939|202324|202691|203490|203952,1629647|1629652|1630544|1630581|202324,1626172|201939|202691|203490|203952,,,1610612760.0,22100813
3,PT05M52.00S,05:52,Q3 05:52,16.133333333333333,399,freethrow,S. Curry Free Throw 1 of 2 (12 PTS),[],Curry,59,71,Made,False,False,201939,,foul,freethrow,,,,1626172|1629647|1629652|1630544|1630581|201939|202324|202691|203490|203952,1626172|201939|202691|203490|203952,1629647|1629652|1630544|1630581|202324,,,1610612744.0,22100813
3,PT05M52.00S,05:52,Q3 05:52,16.133333333333333,404,freethrow,S. Curry Free Throw 2 of 2 (13 PTS),[],Curry,59,72,Made,False,False,201939,,freethrow,substitution,,,,1626172|1629647|1629652|1630544|1630581|201939|202324|202691|203490|203952,1626172|201939|202691|203490|203952,1629647|1629652|1630544|1630581|202324,,,1610612744.0,22100813
3,PT05M52.00S,05:52,Q3 05:52,16.133333333333333,400,substitution,SUB out: O. Porter Jr.,[],Porter Jr.,59,71,,False,False,203490,,freethrow,substitution,,,,1626172|1629647|1629652|1630544|1630581|201939|202324|202691|203952,1626172|201939|202691|203952,1629647|1629652|1630544|1630581|202324,,,1610612744.0,22100813
3,PT05M52.00S,05:52,Q3 05:52,16.133333333333333,401,substitution,SUB out: K. Thompson,[],Thompson,59,71,,False,False,202691,,substitution,substitution,,,,1626172|1629647|1629652|1630544|1630581|201939|202324|203952,1626172|201939|203952,1629647|1629652|1630544|1630581|202324,,,1610612744.0,22100813
3,PT05M52.00S,05:52,Q3 05:52,16.133333333333333,402,substitution,SUB in: G. Payton II,[],Payton II,59,71,,False,False,1627780,,substitution,substitution,,,,1626172|1627780|1629647|1629652|1630544|1630581|201939|202324|203952,1626172|1627780|201939|203952,1629647|1629652|1630544|1630581|202324,,,1610612744.0,22100813
3,PT05M52.00S,05:52,Q3 05:52,16.133333333333333,403,substitution,SUB in: J. Poole,[],Poole,59,71,,False,False,1629673,,substitution,2pt made,,,,1626172|1627780|1629647|1629652|1629673|1630544|1630581|201939|202324|203952,1626172|1627780|1629673|201939|203952,1629647|1629652|1630544|1630581|202324,,,1610612744.0,22100813
3,PT05M37.00S,05:37,Q3 05:37,16.383333333333333,405,2pt,L. Dort driving reverse Layup (17 PTS) (T. Mann 3 AST),['pointsinthepaint'],Dort,61,72,Made,True,True,1629652,1630544.0,substitution,2pt made,,,,1626172|1627780|1629647|1629652|1629673|1630544|1630581|201939|202324|203952,1629647|1629652|1630544|1630581|202324,1626172|1627780|1629673|201939|203952,-42.0,0.0,1610612760.0,22100813
3,PT05M26.00S,05:26,Q3 05:26,16.566666666666666,407,2pt,A. Wiggins driving Layup (15 PTS) (S. Curry 6 AST),['pointsinthepaint'],Wiggins,61,74,Made,True,True,203952,201939.0,2pt made,2pt made,,,,1626172|1627780|1629647|1629652|1629673|1630544|1630581|201939|202324|203952,1626172|1627780|1629673|201939|203952,1629647|1629652|1630544|1630581|202324,-28.0,25.0,1610612744.0,22100813
3,PT05M11.00S,05:11,Q3 05:11,16.816666666666666,409,2pt,D. Favors 13' Jump Shot (4 PTS) (J. Giddey 5 AST),['pointsinthepaint'],Favors,63,74,Made,True,True,202324,1630581.0,2pt made,2pt made,,,,1626172|1627780|1629647|1629652|1629673|1630544|1630581|201939|202324|203952,1629647|1629652|1630544|1630581|202324,1626172|1627780|1629673|201939|203952,9.0,137.0,1610612760.0,22100813
3,PT04M51.00S,04:51,Q3 04:51,15.15,411,2pt,K. Looney cutting Layup (8 PTS) (S. Curry 7 AST),['pointsinthepaint'],Looney,63,76,Made,True,True,1626172,201939.0,2pt made,turnover,,,,1626172|1627780|1629647|1629652|1629673|1630544|1630581|201939|202324|203952,1626172|1627780|1629673|201939|203952,1629647|1629652|1630544|1630581|202324,-43.0,41.0,1610612744.0,22100813
3,PT04M38.00S,04:38,Q3 04:38,15.366666666666667,413,turnover,J. Giddey lost ball TURNOVER (4 TO),[],Giddey,63,76,,False,False,1630581,,2pt made,steal,,1627780.0,,1626172|1627780|1629647|1629652|1629673|1630544|1630581|201939|202324|203952,1629647|1629652|1630544|1630581|202324,1626172|1627780|1629673|201939|203952,,,1610612760.0,22100813
3,PT04M38.00S,04:38,Q3 04:38,15.366666666666667,414,steal,G. Payton II STEAL (2 STL),[],Payton II,63,76,,False,False,1627780,,turnover,foul,,,,1626172|1627780|1629647|1629652|1629673|1630544|1630581|201939|202324|203952,1626172|1627780|1629673|201939|203952,1629647|1629652|1630544|1630581|202324,,,1610612744.0,22100813
3,PT04M38.00S,04:38,Q3 04:38,15.366666666666667,415,foul,D. Favors take personal FOUL (2 PF),[],Favors,63,76,,False,False,202324,,steal,timeout,1627780.0,,,1626172|1627780|1629647|1629652|1629673|1630544|1630581|201939|202324|203952,1629647|1629652|1630544|1630581|202324,1626172|1627780|1629673|201939|203952,,,1610612760.0,22100813
3,PT04M38.00S,04:38,Q3 04:38,15.366666666666667,417,timeout,GSW Timeout,"['team', 'mandatory']",,63,76,,False,False,0,,foul,substitution,,,,1626172|1627780|1629647|1629652|1629673|1630544|1630581|201939|202324|203952,1626172|1627780|1629673|201939|203952,1629647|1629652|1630544|1630581|202324,,,1610612744.0,22100813
3,PT04M38.00S,04:38,Q3 04:38,15.366666666666667,418,substitution,SUB out: J. Giddey,[],Giddey,63,76,,False,False,1630581,,timeout,substitution,,,,1626172|1627780|1629647|1629652|1629673|1630544|201939|202324|203952,1629647|1629652|1630544|202324,1626172|1627780|1629673|201939|203952,,,1610612760.0,22100813
3,PT04M38.00S,04:38,Q3 04:38,15.366666666666667,419,substitution,SUB out: K. Looney,[],Looney,63,76,,False,False,1626172,,substitution,substitution,,,,1627780|1629647|1629652|1629673|1630544|201939|202324|203952,1627780|1629673|201939|203952,1629647|1629652|1630544|202324,,,1610612744.0,22100813
3,PT04M38.00S,04:38,Q3 04:38,15.366666666666667,420,substitution,SUB in: K. Williams,[],Williams,63,76,,False,False,1629026,,substitution,substitution,,,,1627780|1629026|1629647|1629652|1629673|1630544|201939|202324|203952,1629026|1629647|1629652|1630544|202324,1627780|1629673|201939|203952,,,1610612760.0,22100813
3,PT04M38.00S,04:38,Q3 04:38,15.366666666666667,421,substitution,SUB in: J. Kuminga,[],Kuminga,63,76,,False,False,1630228,,substitution,3pt missed,,,,1627780|1629026|1629647|1629652|1629673|1630228|1630544|201939|202324|203952,1627780|1629673|1630228|201939|203952,1629026|1629647|1629652|1630544|202324,,,1610612744.0,22100813
3,PT04M23.00S,04:23,Q3 04:23,15.616666666666667,422,3pt,MISS A. Wiggins 25' 3PT,['fromturnover'],Wiggins,63,76,Missed,True,False,203952,,substitution,rebound,,,,1627780|1629026|1629647|1629652|1629673|1630228|1630544|201939|202324|203952,1627780|1629673|1630228|201939|203952,1629026|1629647|1629652|1630544|202324,-219.0,126.0,1610612744.0,22100813
3,PT04M19.00S,04:19,Q3 04:19,15.683333333333334,423,rebound,T. Mann REBOUND (Off:0 Def:2),[],Mann,63,76,,False,False,1630544,,3pt missed,3pt missed,,,,1627780|1629026|1629647|1629652|1629673|1630228|1630544|201939|202324|203952,1629026|1629647|1629652|1630544|202324,1627780|1629673|1630228|201939|203952,,,1610612760.0,22100813
3,PT04M12.00S,04:12,Q3 04:12,15.8,424,3pt,MISS L. Dort 29' 3PT,[],Dort,63,76,Missed,True,False,1629652,,rebound,rebound,,,,1627780|1629026|1629647|1629652|1629673|1630228|1630544|201939|202324|203952,1629026|1629647|1629652|1630544|202324,1627780|1629673|1630228|201939|203952,-102.0,272.0,1610612760.0,22100813
3,PT04M09.00S,04:09,Q3 04:09,15.85,425,rebound,S. Curry REBOUND (Off:0 Def:6),[],Curry,63,76,,False,False,201939,,3pt missed,3pt missed,,,,1627780|1629026|1629647|1629652|1629673|1630228|1630544|201939|202324|203952,1627780|1629673|1630228|201939|203952,1629026|1629647|1629652|1630544|202324,,,1610612744.0,22100813
3,PT04M04.00S,04:04,Q3 04:04,15.933333333333334,426,3pt,MISS S. Curry 24' step back 3PT,['fastbreak'],Curry,63,76,Missed,True,False,201939,,rebound,rebound,,,,1627780|1629026|1629647|1629652|1629673|1630228|1630544|201939|202324|203952,1627780|1629673|1630228|201939|203952,1629026|1629647|1629652|1630544|202324,-153.0,193.0,1610612744.0,22100813
3,PT03M59.00S,03:59,Q3 03:59,14.016666666666667,427,rebound,K. Williams REBOUND (Off:1 Def:3),[],Williams,63,76,,False,False,1629026,,3pt missed,2pt made,,,,1627780|1629026|1629647|1629652|1629673|1630228|1630544|201939|202324|203952,1629026|1629647|1629652|1630544|202324,1627780|1629673|1630228|201939|203952,,,1610612760.0,22100813
3,PT03M54.00S,03:54,Q3 03:54,14.1,428,2pt,D. Bazley running Layup (15 PTS) (L. Dort 1 AST),"['pointsinthepaint', 'fastbreak']",Bazley,65,76,Made,True,True,1629647,1629652.0,rebound,2pt made,,,,1627780|1629026|1629647|1629652|1629673|1630228|1630544|201939|202324|203952,1629026|1629647|1629652|1630544|202324,1627780|1629673|1630228|201939|203952,-31.0,28.0,1610612760.0,22100813
3,PT03M43.00S,03:43,Q3 03:43,14.283333333333333,429,2pt,J. Poole driving Layup (9 PTS) (S. Curry 8 AST),['pointsinthepaint'],Poole,65,78,Made,True,True,1629673,201939.0,2pt made,3pt made,,,,1627780|1629026|1629647|1629652|1629673|1630228|1630544|201939|202324|203952,1627780|1629673|1630228|201939|203952,1629026|1629647|1629652|1630544|202324,-20.0,26.0,1610612744.0,22100813
3,PT03M27.00S,03:27,Q3 03:27,14.55,431,3pt,D. Bazley 3PT  (18 PTS) (K. Williams 4 AST),[],Bazley,68,78,Made,True,True,1629647,1629026.0,2pt made,foul,,,,1627780|1629026|1629647|1629652|1629673|1630228|1630544|201939|202324|203952,1629026|1629647|1629652|1630544|202324,1627780|1629673|1630228|201939|203952,-232.0,28.0,1610612760.0,22100813
3,PT03M12.00S,03:12,Q3 03:12,14.8,433,foul,D. Bazley shooting personal FOUL (1 PF) (Kuminga 2 FT),['2freethrow'],Bazley,68,78,,False,False,1629647,,3pt made,freethrow,1630228.0,,,1627780|1629026|1629647|1629652|1629673|1630228|1630544|201939|202324|203952,1629026|1629647|1629652|1630544|202324,1627780|1629673|1630228|201939|203952,,,1610612760.0,22100813
3,PT03M12.00S,03:12,Q3 03:12,14.8,435,freethrow,J. Kuminga Free Throw 1 of 2 (12 PTS),[],Kuminga,68,79,Made,False,False,1630228,,foul,freethrow,,,,1627780|1629026|1629647|1629652|1629673|1630228|1630544|201939|202324|203952,1627780|1629673|1630228|201939|203952,1629026|1629647|1629652|1630544|202324,,,1610612744.0,22100813
3,PT03M12.00S,03:12,Q3 03:12,14.8,442,freethrow,MISS J. Kuminga Free Throw 2 of 2,[],Kuminga,68,79,Missed,False,False,1630228,,freethrow,substitution,,,,1627780|1629026|1629647|1629652|1629673|1630228|1630544|201939|202324|203952,1627780|1629673|1630228|201939|203952,1629026|1629647|1629652|1630544|202324,,,1610612744.0,22100813
3,PT03M12.00S,03:12,Q3 03:12,14.8,436,substitution,SUB out: L. Dort,[],Dort,68,79,,False,False,1629652,,freethrow,substitution,,,,1627780|1629026|1629647|1629673|1630228|1630544|201939|202324|203952,1629026|1629647|1630544|202324,1627780|1629673|1630228|201939|203952,,,1610612760.0,22100813
3,PT03M12.00S,03:12,Q3 03:12,14.8,437,substitution,SUB out: D. Favors,[],Favors,68,79,,False,False,202324,,substitution,substitution,,,,1627780|1629026|1629647|1629673|1630228|1630544|201939|203952,1629026|1629647|1630544,1627780|1629673|1630228|201939|203952,,,1610612760.0,22100813
3,PT03M12.00S,03:12,Q3 03:12,14.8,438,substitution,SUB out: S. Curry,[],Curry,68,79,,False,False,201939,,substitution,substitution,,,,1627780|1629026|1629647|1629673|1630228|1630544|203952,1627780|1629673|1630228|203952,1629026|1629647|1630544,,,1610612744.0,22100813
3,PT03M12.00S,03:12,Q3 03:12,14.8,439,substitution,SUB in: T. Jerome,[],Jerome,68,79,,False,False,1629660,,substitution,substitution,,,,1627780|1629026|1629647|1629660|1629673|1630228|1630544|203952,1629026|1629647|1629660|1630544,1627780|1629673|1630228|203952,,,1610612760.0,22100813
3,PT03M12.00S,03:12,Q3 03:12,14.8,440,substitution,SUB in: M. Diakite,[],Diakite,68,79,,False,False,1629603,,substitution,substitution,,,,1627780|1629026|1629603|1629647|1629660|1629673|1630228|1630544|203952,1629026|1629603|1629647|1629660|1630544,1627780|1629673|1630228|203952,,,1610612760.0,22100813
3,PT03M12.00S,03:12,Q3 03:12,14.8,441,substitution,SUB in: D. Lee,[],Lee,68,79,,False,False,1627814,,substitution,rebound,,,,1627780|1627814|1629026|1629603|1629647|1629660|1629673|1630228|1630544|203952,1627780|1627814|1629673|1630228|203952,1629026|1629603|1629647|1629660|1630544,,,1610612744.0,22100813
3,PT03M09.00S,03:09,Q3 03:09,14.85,443,rebound,G. Payton II REBOUND (Off:1 Def:1),[],Payton II,68,79,,False,False,1627780,,substitution,2pt made,,,,1627780|1627814|1629026|1629603|1629647|1629660|1629673|1630228|1630544|203952,1627780|1627814|1629673|1630228|203952,1629026|1629603|1629647|1629660|1630544,,,1610612744.0,22100813
3,PT03M08.00S,03:08,Q3 03:08,14.866666666666667,444,2pt,G. Payton II putback Layup (5 PTS),"['pointsinthepaint', '2ndchance']",Payton II,68,81,Made,True,False,1627780,,rebound,2pt missed,,,,1627780|1627814|1629026|1629603|1629647|1629660|1629673|1630228|1630544|203952,1627780|1627814|1629673|1630228|203952,1629026|1629603|1629647|1629660|1630544,28.0,52.0,1610612744.0,22100813
3,PT02M46.00S,02:46,Q3 02:46,13.233333333333333,445,2pt,MISS D. Bazley driving reverse Layup,['pointsinthepaint'],Bazley,68,81,Missed,True,False,1629647,,2pt made,rebound,,,,1627780|1627814|1629026|1629603|1629647|1629660|1629673|1630228|1630544|203952,1629026|1629603|1629647|1629660|1630544,1627780|1627814|1629673|1630228|203952,42.0,22.0,1610612760.0,22100813
3,PT02M45.00S,02:45,Q3 02:45,13.25,446,rebound,M. Diakite REBOUND (Off:2 Def:2),[],Diakite,68,81,,False,False,1629603,,2pt missed,2pt missed,,,,1627780|1627814|1629026|1629603|1629647|1629660|1629673|1630228|1630544|203952,1629026|1629603|1629647|1629660|1630544,1627780|1627814|1629673|1630228|203952,,,1610612760.0,22100813
3,PT02M44.00S,02:44,Q3 02:44,13.266666666666667,447,2pt,MISS M. Diakite putback Layup - blocked,"['pointsinthepaint', '2ndchance']",Diakite,68,81,Missed,True,False,1629603,,rebound,block,,,203952.0,1627780|1627814|1629026|1629603|1629647|1629660|1629673|1630228|1630544|203952,1629026|1629603|1629647|1629660|1630544,1627780|1627814|1629673|1630228|203952,-21.0,34.0,1610612760.0,22100813
3,PT02M44.00S,02:44,Q3 02:44,13.266666666666667,448,block,A. Wiggins BLOCK (1 BLK),[],Wiggins,68,81,,False,False,203952,,2pt missed,rebound,,,,1627780|1627814|1629026|1629603|1629647|1629660|1629673|1630228|1630544|203952,1627780|1627814|1629673|1630228|203952,1629026|1629603|1629647|1629660|1630544,,,1610612744.0,22100813
3,PT02M43.00S,02:43,Q3 02:43,13.283333333333333,449,rebound,D. Bazley REBOUND (Off:2 Def:5),[],Bazley,68,81,,False,False,1629647,,block,2pt made,,,,1627780|1627814|1629026|1629603|1629647|1629660|1629673|1630228|1630544|203952,1629026|1629603|1629647|1629660|1630544,1627780|1627814|1629673|1630228|203952,,,1610612760.0,22100813
3,PT02M42.00S,02:42,Q3 02:42,13.3,450,2pt,D. Bazley tip Layup (20 PTS),"['pointsinthepaint', '2ndchance']",Bazley,70,81,Made,True,False,1629647,,rebound,2pt made,,,,1627780|1627814|1629026|1629603|1629647|1629660|1629673|1630228|1630544|203952,1629026|1629603|1629647|1629660|1630544,1627780|1627814|1629673|1630228|203952,16.0,39.0,1610612760.0,22100813
3,PT02M15.00S,02:15,Q3 02:15,13.75,451,2pt,D. Lee 11' floating Jump Shot (5 PTS) (J. Kuminga 3 AST),['pointsinthepaint'],Lee,70,83,Made,True,True,1627814,1630228.0,2pt made,2pt made,,,,1627780|1627814|1629026|1629603|1629647|1629660|1629673|1630228|1630544|203952,1627780|1627814|1629673|1630228|203952,1629026|1629603|1629647|1629660|1630544,-47.0,110.0,1610612744.0,22100813
3,PT01M50.00S,01:50,Q3 01:50,12.166666666666666,454,2pt,M. Diakite cutting DUNK (6 PTS) (T. Jerome 2 AST),['pointsinthepaint'],Diakite,72,83,Made,True,True,1629603,1629660.0,2pt made,2pt missed,,,,1627780|1627814|1629026|1629603|1629647|1629660|1629673|1630228|1630544|203952,1629026|1629603|1629647|1629660|1630544,1627780|1627814|1629673|1630228|203952,28.0,31.0,1610612760.0,22100813
3,PT01M25.00S,01:25,Q3 01:25,12.583333333333334,456,2pt,MISS J. Kuminga Layup,['pointsinthepaint'],Kuminga,72,83,Missed,True,False,1630228,,2pt made,rebound,,,,1627780|1627814|1629026|1629603|1629647|1629660|1629673|1630228|1630544|203952,1627780|1627814|1629673|1630228|203952,1629026|1629603|1629647|1629660|1630544,-36.0,40.0,1610612744.0,22100813
3,PT01M21.00S,01:21,Q3 01:21,12.65,457,rebound,J. Kuminga REBOUND (Off:1 Def:1),[],Kuminga,72,83,,False,False,1630228,,2pt missed,2pt made,,,,1627780|1627814|1629026|1629603|1629647|1629660|1629673|1630228|1630544|203952,1627780|1627814|1629673|1630228|203952,1629026|1629603|1629647|1629660|1630544,,,1610612744.0,22100813
3,PT01M21.00S,01:21,Q3 01:21,12.65,458,2pt,J. Kuminga tip Layup (14 PTS),"['pointsinthepaint', '2ndchance']",Kuminga,72,85,Made,True,False,1630228,,rebound,3pt missed,,,,1627780|1627814|1629026|1629603|1629647|1629660|1629673|1630228|1630544|203952,1627780|1627814|1629673|1630228|203952,1629026|1629603|1629647|1629660|1630544,0.0,0.0,1610612744.0,22100813
3,PT01M07.00S,01:07,Q3 01:07,12.883333333333333,459,3pt,MISS T. Mann 3PT,[],Mann,72,85,Missed,True,False,1630544,,2pt made,rebound,,,,1627780|1627814|1629026|1629603|1629647|1629660|1629673|1630228|1630544|203952,1629026|1629603|1629647|1629660|1630544,1627780|1627814|1629673|1630228|203952,-234.0,43.0,1610612760.0,22100813
3,PT01M05.00S,01:05,Q3 01:05,12.916666666666666,460,rebound,D. Lee REBOUND (Off:0 Def:1),[],Lee,72,85,,False,False,1627814,,3pt missed,2pt missed,,,,1627780|1627814|1629026|1629603|1629647|1629660|1629673|1630228|1630544|203952,1627780|1627814|1629673|1630228|203952,1629026|1629603|1629647|1629660|1630544,,,1610612744.0,22100813
3,PT00M55.50S,00:55,Q3 00:55,11.083333333333334,461,2pt,MISS A. Wiggins 20' pullup Shot,[],Wiggins,72,85,Missed,True,False,203952,,rebound,rebound,,,,1627780|1627814|1629026|1629603|1629647|1629660|1629673|1630228|1630544|203952,1627780|1627814|1629673|1630228|203952,1629026|1629603|1629647|1629660|1630544,34.0,204.0,1610612744.0,22100813
3,PT00M52.70S,00:52,Q3 00:52,11.133333333333333,462,rebound,K. Williams REBOUND (Off:1 Def:4),[],Williams,72,85,,False,False,1629026,,2pt missed,3pt missed,,,,1627780|1627814|1629026|1629603|1629647|1629660|1629673|1630228|1630544|203952,1629026|1629603|1629647|1629660|1630544,1627780|1627814|1629673|1630228|203952,,,1610612760.0,22100813
3,PT00M31.70S,00:31,Q3 00:31,11.483333333333333,463,3pt,MISS K. Williams 26' 3PT,[],Williams,72,85,Missed,True,False,1629026,,rebound,rebound,,,,1627780|1627814|1629026|1629603|1629647|1629660|1629673|1630228|1630544|203952,1629026|1629603|1629647|1629660|1630544,1627780|1627814|1629673|1630228|203952,163.0,211.0,1610612760.0,22100813
3,PT00M27.40S,00:27,Q3 00:27,11.55,464,rebound,J. Poole REBOUND (Off:0 Def:5),[],Poole,72,85,,False,False,1629673,,3pt missed,turnover,,,,1627780|1627814|1629026|1629603|1629647|1629660|1629673|1630228|1630544|203952,1627780|1627814|1629673|1630228|203952,1629026|1629603|1629647|1629660|1630544,,,1610612744.0,22100813
3,PT00M24.20S,00:24,Q3 00:24,11.6,465,turnover,J. Poole lost ball TURNOVER (2 TO),[],Poole,72,85,,False,False,1629673,,rebound,steal,,1630544.0,,1627780|1627814|1629026|1629603|1629647|1629660|1629673|1630228|1630544|203952,1627780|1627814|1629673|1630228|203952,1629026|1629603|1629647|1629660|1630544,,,1610612744.0,22100813
3,PT00M24.20S,00:24,Q3 00:24,11.6,466,steal,T. Mann STEAL (2 STL),[],Mann,72,85,,False,False,1630544,,turnover,foul,,,,1627780|1627814|1629026|1629603|1629647|1629660|1629673|1630228|1630544|203952,1629026|1629603|1629647|1629660|1630544,1627780|1627814|1629673|1630228|203952,,,1610612760.0,22100813
3,PT00M06.70S,00:06,Q3 00:06,11.9,467,foul,J. Poole take personal FOUL (3 PF),[],Poole,72,85,,False,False,1629673,,steal,substitution,1629660.0,,,1627780|1627814|1629026|1629603|1629647|1629660|1629673|1630228|1630544|203952,1627780|1627814|1629673|1630228|203952,1629026|1629603|1629647|1629660|1630544,,,1610612744.0,22100813
3,PT00M06.70S,00:06,Q3 00:06,11.9,469,substitution,SUB out: J. Poole,[],Poole,72,85,,False,False,1629673,,foul,substitution,,,,1627780|1627814|1629026|1629603|1629647|1629660|1630228|1630544|203952,1627780|1627814|1630228|203952,1629026|1629603|1629647|1629660|1630544,,,1610612744.0,22100813
3,PT00M06.70S,00:06,Q3 00:06,11.9,470,substitution,SUB in: J. Toscano-Anderson,[],Toscano-Anderson,72,85,,False,False,1629308,,substitution,2pt missed,,,,1627780|1627814|1629026|1629308|1629603|1629647|1629660|1630228|1630544|203952,1627780|1627814|1629308|1630228|203952,1629026|1629603|1629647|1629660|1630544,,,1610612744.0,22100813
3,PT00M01.20S,00:01,Q3 00:01,11.983333333333333,471,2pt,MISS T. Jerome 7' driving floating Shot,"['pointsinthepaint', 'fromturnover']",Jerome,72,85,Missed,True,False,1629660,,substitution,rebound,,,,1627780|1627814|1629026|1629308|1629603|1629647|1629660|1630228|1630544|203952,1629026|1629603|1629647|1629660|1630544,1627780|1627814|1629308|1630228|203952,38.0,60.0,1610612760.0,22100813
3,PT00M01.20S,00:01,Q3 00:01,11.983333333333333,472,rebound,A. Wiggins REBOUND (Off:0 Def:5),[],Wiggins,72,85,,False,False,203952,,2pt missed,substitution,,,,1627780|1627814|1629026|1629308|1629603|1629647|1629660|1630228|1630544|203952,1627780|1627814|1629308|1630228|203952,1629026|1629603|1629647|1629660|1630544,,,1610612744.0,22100813
4,PT12M00.00S,12:00,Q4 12:00,12.0,474,substitution,SUB out: D. Bazley,['startperiod'],Bazley,72,85,,False,False,1629647,,rebound,substitution,,,,1627780|1627814|1629026|1629308|1629603|1629660|1630228|1630544|203952,1629026|1629603|1629660|1630544,1627780|1627814|1629308|1630228|203952,,,1610612760.0,22100813
4,PT12M00.00S,12:00,Q4 12:00,12.0,475,substitution,SUB out: T. Jerome,['startperiod'],Jerome,72,85,,False,False,1629660,,substitution,substitution,,,,1627780|1627814|1629026|1629308|1629603|1630228|1630544|203952,1629026|1629603|1630544,1627780|1627814|1629308|1630228|203952,,,1610612760.0,22100813
4,PT12M00.00S,12:00,Q4 12:00,12.0,476,substitution,SUB out: T. Mann,['startperiod'],Mann,72,85,,False,False,1630544,,substitution,substitution,,,,1627780|1627814|1629026|1629308|1629603|1630228|203952,1629026|1629603,1627780|1627814|1629308|1630228|203952,,,1610612760.0,22100813
4,PT12M00.00S,12:00,Q4 12:00,12.0,477,substitution,SUB out: G. Payton II,['startperiod'],Payton II,72,85,,False,False,1627780,,substitution,substitution,,,,1627814|1629026|1629308|1629603|1630228|203952,1627814|1629308|1630228|203952,1629026|1629603,,,1610612744.0,22100813
4,PT12M00.00S,12:00,Q4 12:00,12.0,478,substitution,SUB out: A. Wiggins,['startperiod'],Wiggins,72,85,,False,False,203952,,substitution,substitution,,,,1627814|1629026|1629308|1629603|1630228,1627814|1629308|1630228,1629026|1629603,,,1610612744.0,22100813
4,PT12M00.00S,12:00,Q4 12:00,12.0,479,substitution,SUB out: J. Toscano-Anderson,['startperiod'],Toscano-Anderson,72,85,,False,False,1629308,,substitution,substitution,,,,1627814|1629026|1629603|1630228,1627814|1630228,1629026|1629603,,,1610612744.0,22100813
4,PT12M00.00S,12:00,Q4 12:00,12.0,480,substitution,SUB in: T. Maledon,['startperiod'],Maledon,72,85,,False,False,1630177,,substitution,substitution,,,,1627814|1629026|1629603|1630177|1630228,1629026|1629603|1630177,1627814|1630228,,,1610612760.0,22100813
4,PT12M00.00S,12:00,Q4 12:00,12.0,481,substitution,SUB in: J. Giddey,['startperiod'],Giddey,72,85,,False,False,1630581,,substitution,substitution,,,,1627814|1629026|1629603|1630177|1630228|1630581,1629026|1629603|1630177|1630581,1627814|1630228,,,1610612760.0,22100813
4,PT12M00.00S,12:00,Q4 12:00,12.0,482,substitution,SUB in: L. Dort,['startperiod'],Dort,72,85,,False,False,1629652,,substitution,substitution,,,,1627814|1629026|1629603|1629652|1630177|1630228|1630581,1629026|1629603|1629652|1630177|1630581,1627814|1630228,,,1610612760.0,22100813
4,PT12M00.00S,12:00,Q4 12:00,12.0,483,substitution,SUB in: M. Moody,['startperiod'],Moody,72,85,,False,False,1630541,,substitution,substitution,,,,1627814|1629026|1629603|1629652|1630177|1630228|1630541|1630581,1627814|1630228|1630541,1629026|1629603|1629652|1630177|1630581,,,1610612744.0,22100813
4,PT12M00.00S,12:00,Q4 12:00,12.0,484,substitution,SUB in: K. Thompson,['startperiod'],Thompson,72,85,,False,False,202691,,substitution,substitution,,,,1627814|1629026|1629603|1629652|1630177|1630228|1630541|1630581|202691,1627814|1630228|1630541|202691,1629026|1629603|1629652|1630177|1630581,,,1610612744.0,22100813
4,PT12M00.00S,12:00,Q4 12:00,12.0,485,substitution,SUB in: S. Curry,['startperiod'],Curry,72,85,,False,False,201939,,substitution,2pt made,,,,1627814|1629026|1629603|1629652|1630177|1630228|1630541|1630581|201939|202691,1627814|1630228|1630541|201939|202691,1629026|1629603|1629652|1630177|1630581,,,1610612744.0,22100813
4,PT11M52.00S,11:52,Q4 11:52,10.133333333333333,487,2pt,K. Williams cutting DUNK (5 PTS) (J. Giddey 6 AST),['pointsinthepaint'],Williams,74,85,Made,True,True,1629026,1630581.0,substitution,2pt missed,,,,1627814|1629026|1629603|1629652|1630177|1630228|1630541|1630581|201939|202691,1629026|1629603|1629652|1630177|1630581,1627814|1630228|1630541|201939|202691,-29.0,44.0,1610612760.0,22100813
4,PT11M36.00S,11:36,Q4 11:36,10.4,489,2pt,MISS K. Thompson 12' step back Shot,['pointsinthepaint'],Thompson,74,85,Missed,True,False,202691,,2pt made,rebound,,,,1627814|1629026|1629603|1629652|1630177|1630228|1630541|1630581|201939|202691,1627814|1630228|1630541|201939|202691,1629026|1629603|1629652|1630177|1630581,-20.0,126.0,1610612744.0,22100813
4,PT11M34.00S,11:34,Q4 11:34,10.433333333333334,490,rebound,M. Diakite REBOUND (Off:2 Def:3),[],Diakite,74,85,,False,False,1629603,,2pt missed,2pt missed,,,,1627814|1629026|1629603|1629652|1630177|1630228|1630541|1630581|201939|202691,1629026|1629603|1629652|1630177|1630581,1627814|1630228|1630541|201939|202691,,,1610612760.0,22100813
4,PT11M24.00S,11:24,Q4 11:24,10.6,491,2pt,MISS L. Dort driving finger roll Layup,['pointsinthepaint'],Dort,74,85,Missed,True,False,1629652,,rebound,rebound,,,,1627814|1629026|1629603|1629652|1630177|1630228|1630541|1630581|201939|202691,1629026|1629603|1629652|1630177|1630581,1627814|1630228|1630541|201939|202691,-36.0,28.0,1610612760.0,22100813
4,PT11M21.00S,11:21,Q4 11:21,10.65,492,rebound,S. Curry REBOUND (Off:0 Def:7),[],Curry,74,85,,False,False,201939,,2pt missed,3pt missed,,,,1627814|1629026|1629603|1629652|1630177|1630228|1630541|1630581|201939|202691,1627814|1630228|1630541|201939|202691,1629026|1629603|1629652|1630177|1630581,,,1610612744.0,22100813
4,PT11M16.00S,11:16,Q4 11:16,10.733333333333333,493,3pt,MISS K. Thompson running 3PT,['fastbreak'],Thompson,74,85,Missed,True,False,202691,,rebound,rebound,,,,1627814|1629026|1629603|1629652|1630177|1630228|1630541|1630581|201939|202691,1627814|1630228|1630541|201939|202691,1629026|1629603|1629652|1630177|1630581,232.0,35.0,1610612744.0,22100813
4,PT11M14.00S,11:14,Q4 11:14,10.766666666666667,494,rebound,J. Kuminga REBOUND (Off:2 Def:1),[],Kuminga,74,85,,False,False,1630228,,3pt missed,2pt made,,,,1627814|1629026|1629603|1629652|1630177|1630228|1630541|1630581|201939|202691,1627814|1630228|1630541|201939|202691,1629026|1629603|1629652|1630177|1630581,,,1610612744.0,22100813
4,PT11M14.00S,11:14,Q4 11:14,10.766666666666667,495,2pt,J. Kuminga tip DUNK (16 PTS),"['2ndchance', 'pointsinthepaint']",Kuminga,74,87,Made,True,False,1630228,,rebound,2pt missed,,,,1627814|1629026|1629603|1629652|1630177|1630228|1630541|1630581|201939|202691,1627814|1630228|1630541|201939|202691,1629026|1629603|1629652|1630177|1630581,0.0,0.0,1610612744.0,22100813
4,PT10M53.00S,10:53,Q4 10:53,9.116666666666667,496,2pt,MISS J. Giddey driving Layup,['pointsinthepaint'],Giddey,74,87,Missed,True,False,1630581,,2pt made,rebound,,,,1627814|1629026|1629603|1629652|1630177|1630228|1630541|1630581|201939|202691,1629026|1629603|1629652|1630177|1630581,1627814|1630228|1630541|201939|202691,-22.0,18.0,1610612760.0,22100813
4,PT10M49.00S,10:49,Q4 10:49,9.183333333333334,497,rebound,J. Giddey REBOUND (Off:3 Def:7),[],Giddey,74,87,,False,False,1630581,,2pt missed,2pt made,,,,1627814|1629026|1629603|1629652|1630177|1630228|1630541|1630581|201939|202691,1629026|1629603|1629652|1630177|1630581,1627814|1630228|1630541|201939|202691,,,1610612760.0,22100813
4,PT10M49.00S,10:49,Q4 10:49,9.183333333333334,498,2pt,J. Giddey tip Layup (10 PTS),"['pointsinthepaint', '2ndchance']",Giddey,76,87,Made,True,False,1630581,,rebound,3pt made,,,,1627814|1629026|1629603|1629652|1630177|1630228|1630541|1630581|201939|202691,1629026|1629603|1629652|1630177|1630581,1627814|1630228|1630541|201939|202691,0.0,0.0,1610612760.0,22100813
4,PT10M34.00S,10:34,Q4 10:34,9.433333333333334,499,3pt,M. Moody 26' 3PT  (3 PTS) (J. Kuminga 4 AST),[],Moody,76,90,Made,True,True,1630541,1630228.0,2pt made,3pt made,,,,1627814|1629026|1629603|1629652|1630177|1630228|1630541|1630581|201939|202691,1627814|1630228|1630541|201939|202691,1629026|1629603|1629652|1630177|1630581,74.0,260.0,1610612744.0,22100813
4,PT10M16.00S,10:16,Q4 10:16,9.733333333333333,501,3pt,L. Dort 27' 3PT  (20 PTS) (K. Williams 5 AST),[],Dort,79,90,Made,True,True,1629652,1629026.0,3pt made,foul,,,,1627814|1629026|1629603|1629652|1630177|1630228|1630541|1630581|201939|202691,1629026|1629603|1629652|1630177|1630581,1627814|1630228|1630541|201939|202691,156.0,227.0,1610612760.0,22100813
4,PT10M03.00S,10:03,Q4 10:03,9.95,503,foul,M. Diakite shooting personal FOUL (1 PF) (Lee 2 FT),['2freethrow'],Diakite,79,90,,False,False,1629603,,3pt made,freethrow,1627814.0,,,1627814|1629026|1629603|1629652|1630177|1630228|1630541|1630581|201939|202691,1629026|1629603|1629652|1630177|1630581,1627814|1630228|1630541|201939|202691,,,1610612760.0,22100813
4,PT10M03.00S,10:03,Q4 10:03,9.95,505,freethrow,MISS D. Lee Free Throw 1 of 2,[],Lee,79,90,Missed,False,False,1627814,,foul,rebound,,,,1627814|1629026|1629603|1629652|1630177|1630228|1630541|1630581|201939|202691,1627814|1630228|1630541|201939|202691,1629026|1629603|1629652|1630177|1630581,,,1610612744.0,22100813
4,PT10M03.00S,10:03,Q4 10:03,9.95,506,rebound,TEAM offensive REBOUND,"['deadball', 'team']",,79,90,,False,False,0,,freethrow,freethrow,,,,1627814|1629026|1629603|1629652|1630177|1630228|1630541|1630581|201939|202691,1627814|1630228|1630541|201939|202691,1629026|1629603|1629652|1630177|1630581,,,1610612744.0,22100813
4,PT10M03.00S,10:03,Q4 10:03,9.95,509,freethrow,D. Lee Free Throw 2 of 2 (6 PTS),[],Lee,79,91,Made,False,False,1627814,,rebound,substitution,,,,1627814|1629026|1629603|1629652|1630177|1630228|1630541|1630581|201939|202691,1627814|1630228|1630541|201939|202691,1629026|1629603|1629652|1630177|1630581,,,1610612744.0,22100813
4,PT10M03.00S,10:03,Q4 10:03,9.95,507,substitution,SUB out: M. Diakite,[],Diakite,79,90,,False,False,1629603,,freethrow,substitution,,,,1627814|1629026|1629652|1630177|1630228|1630541|1630581|201939|202691,1629026|1629652|1630177|1630581,1627814|1630228|1630541|201939|202691,,,1610612760.0,22100813
4,PT10M03.00S,10:03,Q4 10:03,9.95,508,substitution,SUB in: T. Jerome,[],Jerome,79,90,,False,False,1629660,,substitution,foul,,,,1627814|1629026|1629652|1629660|1630177|1630228|1630541|1630581|201939|202691,1629026|1629652|1629660|1630177|1630581,1627814|1630228|1630541|201939|202691,,,1610612760.0,22100813
4,PT09M50.00S,09:50,Q4 09:50,8.166666666666666,510,foul,M. Moody shooting personal FOUL (1 PF) (Dort 2 FT),['2freethrow'],Moody,79,91,,False,False,1630541,,substitution,freethrow,1629652.0,,,1627814|1629026|1629652|1629660|1630177|1630228|1630541|1630581|201939|202691,1627814|1630228|1630541|201939|202691,1629026|1629652|1629660|1630177|1630581,,,1610612744.0,22100813
4,PT09M50.00S,09:50,Q4 09:50,8.166666666666666,512,freethrow,L. Dort Free Throw 1 of 2 (21 PTS),[],Dort,80,91,Made,False,False,1629652,,foul,freethrow,,,,1627814|1629026|1629652|1629660|1630177|1630228|1630541|1630581|201939|202691,1629026|1629652|1629660|1630177|1630581,1627814|1630228|1630541|201939|202691,,,1610612760.0,22100813
4,PT09M50.00S,09:50,Q4 09:50,8.166666666666666,513,freethrow,L. Dort Free Throw 2 of 2 (22 PTS),[],Dort,81,91,Made,False,False,1629652,,freethrow,2pt made,,,,1627814|1629026|1629652|1629660|1630177|1630228|1630541|1630581|201939|202691,1629026|1629652|1629660|1630177|1630581,1627814|1630228|1630541|201939|202691,,,1610612760.0,22100813
4,PT09M35.00S,09:35,Q4 09:35,8.416666666666666,514,2pt,S. Curry cutting Layup (15 PTS) (M. Moody 1 AST),['pointsinthepaint'],Curry,81,93,Made,True,True,201939,1630541.0,freethrow,3pt missed,,,,1627814|1629026|1629652|1629660|1630177|1630228|1630541|1630581|201939|202691,1627814|1630228|1630541|201939|202691,1629026|1629652|1629660|1630177|1630581,-37.0,27.0,1610612744.0,22100813
4,PT09M16.00S,09:16,Q4 09:16,8.733333333333333,516,3pt,MISS L. Dort 28' 3PT,[],Dort,81,93,Missed,True,False,1629652,,2pt made,rebound,,,,1627814|1629026|1629652|1629660|1630177|1630228|1630541|1630581|201939|202691,1629026|1629652|1629660|1630177|1630581,1627814|1630228|1630541|201939|202691,-86.0,270.0,1610612760.0,22100813
4,PT09M12.00S,09:12,Q4 09:12,8.8,517,rebound,S. Curry REBOUND (Off:0 Def:8),[],Curry,81,93,,False,False,201939,,3pt missed,foul,,,,1627814|1629026|1629652|1629660|1630177|1630228|1630541|1630581|201939|202691,1627814|1630228|1630541|201939|202691,1629026|1629652|1629660|1630177|1630581,,,1610612744.0,22100813
4,PT09M06.00S,09:06,Q4 09:06,8.9,518,foul,T. Maledon shooting personal FOUL (2 PF) (Thompson 2 FT),['2freethrow'],Maledon,81,93,,False,False,1630177,,rebound,freethrow,202691.0,,,1627814|1629026|1629652|1629660|1630177|1630228|1630541|1630581|201939|202691,1629026|1629652|1629660|1630177|1630581,1627814|1630228|1630541|201939|202691,,,1610612760.0,22100813
4,PT09M06.00S,09:06,Q4 09:06,8.9,520,freethrow,K. Thompson Free Throw 1 of 2 (12 PTS),[],Thompson,81,94,Made,False,False,202691,,foul,freethrow,,,,1627814|1629026|1629652|1629660|1630177|1630228|1630541|1630581|201939|202691,1627814|1630228|1630541|201939|202691,1629026|1629652|1629660|1630177|1630581,,,1610612744.0,22100813
4,PT09M06.00S,09:06,Q4 09:06,8.9,523,freethrow,K. Thompson Free Throw 2 of 2 (13 PTS),[],Thompson,81,95,Made,False,False,202691,,freethrow,substitution,,,,1627814|1629026|1629652|1629660|1630177|1630228|1630541|1630581|201939|202691,1627814|1630228|1630541|201939|202691,1629026|1629652|1629660|1630177|1630581,,,1610612744.0,22100813
4,PT09M06.00S,09:06,Q4 09:06,8.9,521,substitution,SUB out: D. Lee,[],Lee,81,94,,False,False,1627814,,freethrow,substitution,,,,1629026|1629652|1629660|1630177|1630228|1630541|1630581|201939|202691,1630228|1630541|201939|202691,1629026|1629652|1629660|1630177|1630581,,,1610612744.0,22100813
4,PT09M06.00S,09:06,Q4 09:06,8.9,522,substitution,SUB in: J. Poole,[],Poole,81,94,,False,False,1629673,,substitution,2pt missed,,,,1629026|1629652|1629660|1629673|1630177|1630228|1630541|1630581|201939|202691,1629673|1630228|1630541|201939|202691,1629026|1629652|1629660|1630177|1630581,,,1610612744.0,22100813
4,PT08M53.00S,08:53,Q4 08:53,7.116666666666667,524,2pt,MISS J. Giddey 7' turnaround Shot,['pointsinthepaint'],Giddey,81,95,Missed,True,False,1630581,,substitution,rebound,,,,1629026|1629652|1629660|1629673|1630177|1630228|1630541|1630581|201939|202691,1629026|1629652|1629660|1630177|1630581,1629673|1630228|1630541|201939|202691,-69.0,17.0,1610612760.0,22100813
4,PT08M51.00S,08:51,Q4 08:51,7.15,525,rebound,J. Kuminga REBOUND (Off:2 Def:2),[],Kuminga,81,95,,False,False,1630228,,2pt missed,foul,,,,1629026|1629652|1629660|1629673|1630177|1630228|1630541|1630581|201939|202691,1629673|1630228|1630541|201939|202691,1629026|1629652|1629660|1630177|1630581,,,1610612744.0,22100813
4,PT08M46.00S,08:46,Q4 08:46,7.233333333333333,526,foul,J. Kuminga offensive FOUL (1 PF),[],Kuminga,81,95,,False,False,1630228,,rebound,turnover,1629652.0,,,1629026|1629652|1629660|1629673|1630177|1630228|1630541|1630581|201939|202691,1629673|1630228|1630541|201939|202691,1629026|1629652|1629660|1630177|1630581,,,1610612744.0,22100813
4,PT08M46.00S,08:46,Q4 08:46,7.233333333333333,528,turnover,J. Kuminga offensive foul TURNOVER (2 TO),[],Kuminga,81,95,,False,False,1630228,,foul,substitution,,,,1629026|1629652|1629660|1629673|1630177|1630228|1630541|1630581|201939|202691,1629673|1630228|1630541|201939|202691,1629026|1629652|1629660|1630177|1630581,,,1610612744.0,22100813
4,PT08M46.00S,08:46,Q4 08:46,7.233333333333333,529,substitution,SUB out: J. Giddey,[],Giddey,81,95,,False,False,1630581,,turnover,substitution,,,,1629026|1629652|1629660|1629673|1630177|1630228|1630541|201939|202691,1629026|1629652|1629660|1630177,1629673|1630228|1630541|201939|202691,,,1610612760.0,22100813
4,PT08M46.00S,08:46,Q4 08:46,7.233333333333333,530,substitution,SUB out: T. Maledon,[],Maledon,81,95,,False,False,1630177,,substitution,substitution,,,,1629026|1629652|1629660|1629673|1630228|1630541|201939|202691,1629026|1629652|1629660,1629673|1630228|1630541|201939|202691,,,1610612760.0,22100813
4,PT08M46.00S,08:46,Q4 08:46,7.233333333333333,531,substitution,SUB in: D. Favors,[],Favors,81,95,,False,False,202324,,substitution,substitution,,,,1629026|1629652|1629660|1629673|1630228|1630541|201939|202324|202691,1629026|1629652|1629660|202324,1629673|1630228|1630541|201939|202691,,,1610612760.0,22100813
4,PT08M46.00S,08:46,Q4 08:46,7.233333333333333,532,substitution,SUB in: T. Mann,[],Mann,81,95,,False,False,1630544,,substitution,3pt missed,,,,1629026|1629652|1629660|1629673|1630228|1630541|1630544|201939|202324|202691,1629026|1629652|1629660|1630544|202324,1629673|1630228|1630541|201939|202691,,,1610612760.0,22100813
4,PT08M33.00S,08:33,Q4 08:33,7.45,533,3pt,MISS L. Dort 28' 3PT,['fromturnover'],Dort,81,95,Missed,True,False,1629652,,substitution,rebound,,,,1629026|1629652|1629660|1629673|1630228|1630541|1630544|201939|202324|202691,1629026|1629652|1629660|1630544|202324,1629673|1630228|1630541|201939|202691,120.0,253.0,1610612760.0,22100813
4,PT08M29.00S,08:29,Q4 08:29,7.516666666666667,534,rebound,T. Jerome REBOUND (Off:1 Def:0),[],Jerome,81,95,,False,False,1629660,,3pt missed,3pt missed,,,,1629026|1629652|1629660|1629673|1630228|1630541|1630544|201939|202324|202691,1629026|1629652|1629660|1630544|202324,1629673|1630228|1630541|201939|202691,,,1610612760.0,22100813
4,PT08M19.00S,08:19,Q4 08:19,7.683333333333334,535,3pt,MISS T. Mann 29' step back 3PT,"['fromturnover', '2ndchance']",Mann,81,95,Missed,True,False,1630544,,rebound,rebound,,,,1629026|1629652|1629660|1629673|1630228|1630541|1630544|201939|202324|202691,1629026|1629652|1629660|1630544|202324,1629673|1630228|1630541|201939|202691,-185.0,233.0,1610612760.0,22100813
4,PT08M16.00S,08:16,Q4 08:16,7.733333333333333,536,rebound,L. Dort REBOUND (Off:2 Def:1),[],Dort,81,95,,False,False,1629652,,3pt missed,3pt missed,,,,1629026|1629652|1629660|1629673|1630228|1630541|1630544|201939|202324|202691,1629026|1629652|1629660|1630544|202324,1629673|1630228|1630541|201939|202691,,,1610612760.0,22100813
4,PT08M15.00S,08:15,Q4 08:15,7.75,537,3pt,MISS T. Jerome 28' 3PT,"['fromturnover', '2ndchance']",Jerome,81,95,Missed,True,False,1629660,,rebound,rebound,,,,1629026|1629652|1629660|1629673|1630228|1630541|1630544|201939|202324|202691,1629026|1629652|1629660|1630544|202324,1629673|1630228|1630541|201939|202691,31.0,281.0,1610612760.0,22100813
4,PT08M11.00S,08:11,Q4 08:11,7.816666666666666,538,rebound,D. Favors REBOUND (Off:2 Def:3),[],Favors,81,95,,False,False,202324,,3pt missed,3pt missed,,,,1629026|1629652|1629660|1629673|1630228|1630541|1630544|201939|202324|202691,1629026|1629652|1629660|1630544|202324,1629673|1630228|1630541|201939|202691,,,1610612760.0,22100813
4,PT08M06.00S,08:06,Q4 08:06,7.9,539,3pt,MISS T. Mann 3PT,"['fromturnover', '2ndchance']",Mann,81,95,Missed,True,False,1630544,,rebound,rebound,,,,1629026|1629652|1629660|1629673|1630228|1630541|1630544|201939|202324|202691,1629026|1629652|1629660|1630544|202324,1629673|1630228|1630541|201939|202691,232.0,8.0,1610612760.0,22100813
4,PT08M03.00S,08:03,Q4 08:03,7.95,540,rebound,D. Favors REBOUND (Off:3 Def:3),[],Favors,81,95,,False,False,202324,,3pt missed,3pt missed,,,,1629026|1629652|1629660|1629673|1630228|1630541|1630544|201939|202324|202691,1629026|1629652|1629660|1630544|202324,1629673|1630228|1630541|201939|202691,,,1610612760.0,22100813
4,PT08M02.00S,08:02,Q4 08:02,7.966666666666667,541,3pt,MISS K. Williams 26' 3PT,"['fromturnover', '2ndchance']",Williams,81,95,Missed,True,False,1629026,,rebound,rebound,,,,1629026|1629652|1629660|1629673|1630228|1630541|1630544|201939|202324|202691,1629026|1629652|1629660|1630544|202324,1629673|1630228|1630541|201939|202691,-161.0,211.0,1610612760.0,22100813
4,PT08M02.00S,08:02,Q4 08:02,7.966666666666667,542,rebound,L. Dort REBOUND (Off:3 Def:1),[],Dort,81,95,,False,False,1629652,,3pt missed,2pt made,,,,1629026|1629652|1629660|1629673|1630228|1630541|1630544|201939|202324|202691,1629026|1629652|1629660|1630544|202324,1629673|1630228|1630541|201939|202691,,,1610612760.0,22100813
4,PT07M59.00S,07:59,Q4 07:59,6.016666666666667,543,2pt,L. Dort tip DUNK (24 PTS),"['2ndchance', 'pointsinthepaint', 'fromturnover']",Dort,83,95,Made,True,False,1629652,,rebound,timeout,,,,1629026|1629652|1629660|1629673|1630228|1630541|1630544|201939|202324|202691,1629026|1629652|1629660|1630544|202324,1629673|1630228|1630541|201939|202691,0.0,0.0,1610612760.0,22100813
4,PT07M57.00S,07:57,Q4 07:57,6.05,577,timeout,GSW Timeout,['team'],,83,95,,False,False,0,,2pt made,2pt made,,,,1629026|1629652|1629660|1629673|1630228|1630541|1630544|201939|202324|202691,1629673|1630228|1630541|201939|202691,1629026|1629652|1629660|1630544|202324,,,1610612744.0,22100813
4,PT07M35.00S,07:35,Q4 07:35,6.416666666666667,544,2pt,K. Thompson 6' turnaround fadeaway Jump Shot (15 PTS),['pointsinthepaint'],Thompson,83,97,Made,True,False,202691,,timeout,3pt missed,,,,1629026|1629652|1629660|1629673|1630228|1630541|1630544|201939|202324|202691,1629673|1630228|1630541|201939|202691,1629026|1629652|1629660|1630544|202324,-47.0,47.0,1610612744.0,22100813
4,PT07M25.00S,07:25,Q4 07:25,6.583333333333333,545,3pt,MISS T. Jerome 28' pullup 3PT,[],Jerome,83,97,Missed,True,False,1629660,,2pt made,rebound,,,,1629026|1629652|1629660|1629673|1630228|1630541|1630544|201939|202324|202691,1629026|1629652|1629660|1630544|202324,1629673|1630228|1630541|201939|202691,134.0,249.0,1610612760.0,22100813
4,PT07M23.00S,07:23,Q4 07:23,6.616666666666666,546,rebound,J. Poole REBOUND (Off:0 Def:6),[],Poole,83,97,,False,False,1629673,,3pt missed,3pt missed,,,,1629026|1629652|1629660|1629673|1630228|1630541|1630544|201939|202324|202691,1629673|1630228|1630541|201939|202691,1629026|1629652|1629660|1630544|202324,,,1610612744.0,22100813
4,PT07M16.00S,07:16,Q4 07:16,6.733333333333333,547,3pt,MISS M. Moody 3PT,[],Moody,83,97,Missed,True,False,1630541,,rebound,rebound,,,,1629026|1629652|1629660|1629673|1630228|1630541|1630544|201939|202324|202691,1629673|1630228|1630541|201939|202691,1629026|1629652|1629660|1630544|202324,-233.0,9.0,1610612744.0,22100813
4,PT07M12.00S,07:12,Q4 07:12,6.8,548,rebound,T. Jerome REBOUND (Off:1 Def:1),[],Jerome,83,97,,False,False,1629660,,3pt missed,2pt made,,,,1629026|1629652|1629660|1629673|1630228|1630541|1630544|201939|202324|202691,1629026|1629652|1629660|1630544|202324,1629673|1630228|1630541|201939|202691,,,1610612760.0,22100813
4,PT07M03.00S,07:03,Q4 07:03,6.95,549,2pt,K. Williams cutting DUNK (7 PTS) (T. Jerome 3 AST),['pointsinthepaint'],Williams,85,97,Made,True,True,1629026,1629660.0,rebound,foul,,,,1629026|1629652|1629660|1629673|1630228|1630541|1630544|201939|202324|202691,1629026|1629652|1629660|1630544|202324,1629673|1630228|1630541|201939|202691,26.0,49.0,1610612760.0,22100813
4,PT06M52.00S,06:52,Q4 06:52,5.133333333333333,551,foul,T. Jerome shooting personal FOUL (1 PF) (Kuminga 2 FT),['2freethrow'],Jerome,85,97,,False,False,1629660,,2pt made,freethrow,1630228.0,,,1629026|1629652|1629660|1629673|1630228|1630541|1630544|201939|202324|202691,1629026|1629652|1629660|1630544|202324,1629673|1630228|1630541|201939|202691,,,1610612760.0,22100813
4,PT06M52.00S,06:52,Q4 06:52,5.133333333333333,553,freethrow,MISS J. Kuminga Free Throw 1 of 2,[],Kuminga,85,97,Missed,False,False,1630228,,foul,rebound,,,,1629026|1629652|1629660|1629673|1630228|1630541|1630544|201939|202324|202691,1629673|1630228|1630541|201939|202691,1629026|1629652|1629660|1630544|202324,,,1610612744.0,22100813
4,PT06M52.00S,06:52,Q4 06:52,5.133333333333333,554,rebound,TEAM offensive REBOUND,"['team', 'deadball']",,85,97,,False,False,0,,freethrow,freethrow,,,,1629026|1629652|1629660|1629673|1630228|1630541|1630544|201939|202324|202691,1629673|1630228|1630541|201939|202691,1629026|1629652|1629660|1630544|202324,,,1610612744.0,22100813
4,PT06M52.00S,06:52,Q4 06:52,5.133333333333333,557,freethrow,MISS J. Kuminga Free Throw 2 of 2,[],Kuminga,85,97,Missed,False,False,1630228,,rebound,substitution,,,,1629026|1629652|1629660|1629673|1630228|1630541|1630544|201939|202324|202691,1629673|1630228|1630541|201939|202691,1629026|1629652|1629660|1630544|202324,,,1610612744.0,22100813
4,PT06M52.00S,06:52,Q4 06:52,5.133333333333333,555,substitution,SUB out: D. Favors,[],Favors,85,97,,False,False,202324,,freethrow,substitution,,,,1629026|1629652|1629660|1629673|1630228|1630541|1630544|201939|202691,1629026|1629652|1629660|1630544,1629673|1630228|1630541|201939|202691,,,1610612760.0,22100813
4,PT06M52.00S,06:52,Q4 06:52,5.133333333333333,556,substitution,SUB in: D. Bazley,[],Bazley,85,97,,False,False,1629647,,substitution,rebound,,,,1629026|1629647|1629652|1629660|1629673|1630228|1630541|1630544|201939|202691,1629026|1629647|1629652|1629660|1630544,1629673|1630228|1630541|201939|202691,,,1610612760.0,22100813
4,PT06M50.00S,06:50,Q4 06:50,5.166666666666667,558,rebound,K. Williams REBOUND (Off:1 Def:5),[],Williams,85,97,,False,False,1629026,,substitution,foul,,,,1629026|1629647|1629652|1629660|1629673|1630228|1630541|1630544|201939|202691,1629026|1629647|1629652|1629660|1630544,1629673|1630228|1630541|201939|202691,,,1610612760.0,22100813
4,PT06M34.00S,06:34,Q4 06:34,5.433333333333334,559,foul,M. Moody personal FOUL (2 PF),[],Moody,85,97,,False,False,1630541,,rebound,substitution,1629660.0,,,1629026|1629647|1629652|1629660|1629673|1630228|1630541|1630544|201939|202691,1629673|1630228|1630541|201939|202691,1629026|1629647|1629652|1629660|1630544,,,1610612744.0,22100813
4,PT06M34.00S,06:34,Q4 06:34,5.433333333333334,561,substitution,SUB out: S. Curry,[],Curry,85,97,,False,False,201939,,foul,substitution,,,,1629026|1629647|1629652|1629660|1629673|1630228|1630541|1630544|202691,1629673|1630228|1630541|202691,1629026|1629647|1629652|1629660|1630544,,,1610612744.0,22100813
4,PT06M34.00S,06:34,Q4 06:34,5.433333333333334,562,substitution,SUB in: G. Payton II,[],Payton II,85,97,,False,False,1627780,,substitution,substitution,,,,1627780|1629026|1629647|1629652|1629660|1629673|1630228|1630541|1630544|202691,1627780|1629673|1630228|1630541|202691,1629026|1629647|1629652|1629660|1630544,,,1610612744.0,22100813
4,PT06M34.00S,06:34,Q4 06:34,5.433333333333334,563,substitution,SUB out: L. Dort,[],Dort,85,97,,False,False,1629652,,substitution,substitution,,,,1627780|1629026|1629647|1629660|1629673|1630228|1630541|1630544|202691,1629026|1629647|1629660|1630544,1627780|1629673|1630228|1630541|202691,,,1610612760.0,22100813
4,PT06M34.00S,06:34,Q4 06:34,5.433333333333334,564,substitution,SUB in: D. Favors,[],Favors,85,97,,False,False,202324,,substitution,2pt missed,,,,1627780|1629026|1629647|1629660|1629673|1630228|1630541|1630544|202324|202691,1629026|1629647|1629660|1630544|202324,1627780|1629673|1630228|1630541|202691,,,1610612760.0,22100813
4,PT06M22.00S,06:22,Q4 06:22,5.633333333333334,565,2pt,MISS K. Williams driving Layup - blocked,['pointsinthepaint'],Williams,85,97,Missed,True,False,1629026,,substitution,block,,,202691.0,1627780|1629026|1629647|1629660|1629673|1630228|1630541|1630544|202324|202691,1629026|1629647|1629660|1630544|202324,1627780|1629673|1630228|1630541|202691,-23.0,26.0,1610612760.0,22100813
4,PT06M22.00S,06:22,Q4 06:22,5.633333333333334,566,block,K. Thompson BLOCK (1 BLK),[],Thompson,85,97,,False,False,202691,,2pt missed,rebound,,,,1627780|1629026|1629647|1629660|1629673|1630228|1630541|1630544|202324|202691,1627780|1629673|1630228|1630541|202691,1629026|1629647|1629660|1630544|202324,,,1610612744.0,22100813
4,PT06M19.00S,06:19,Q4 06:19,5.683333333333334,567,rebound,D. Favors REBOUND (Off:4 Def:3),[],Favors,85,97,,False,False,202324,,block,turnover,,,,1627780|1629026|1629647|1629660|1629673|1630228|1630541|1630544|202324|202691,1629026|1629647|1629660|1630544|202324,1627780|1629673|1630228|1630541|202691,,,1610612760.0,22100813
4,PT06M19.00S,06:19,Q4 06:19,5.683333333333334,568,turnover,OKC shot clock Team TURNOVER,['team'],,85,97,,False,False,0,,rebound,substitution,,,,1627780|1629026|1629647|1629660|1629673|1630228|1630541|1630544|202324|202691,1629026|1629647|1629660|1630544|202324,1627780|1629673|1630228|1630541|202691,,,1610612760.0,22100813
4,PT06M19.00S,06:19,Q4 06:19,5.683333333333334,569,substitution,SUB out: J. Kuminga,[],Kuminga,85,97,,False,False,1630228,,turnover,substitution,,,,1627780|1629026|1629647|1629660|1629673|1630541|1630544|202324|202691,1627780|1629673|1630541|202691,1629026|1629647|1629660|1630544|202324,,,1610612744.0,22100813
4,PT06M19.00S,06:19,Q4 06:19,5.683333333333334,570,substitution,SUB in: K. Looney,[],Looney,85,97,,False,False,1626172,,substitution,2pt made,,,,1626172|1627780|1629026|1629647|1629660|1629673|1630541|1630544|202324|202691,1626172|1627780|1629673|1630541|202691,1629026|1629647|1629660|1630544|202324,,,1610612744.0,22100813
4,PT06M02.00S,06:02,Q4 06:02,5.966666666666667,571,2pt,M. Moody driving DUNK (5 PTS) (J. Poole 8 AST),"['pointsinthepaint', 'fromturnover']",Moody,85,99,Made,True,True,1630541,1629673.0,substitution,3pt made,,,,1626172|1627780|1629026|1629647|1629660|1629673|1630541|1630544|202324|202691,1626172|1627780|1629673|1630541|202691,1629026|1629647|1629660|1630544|202324,5.0,52.0,1610612744.0,22100813
4,PT05M52.00S,05:52,Q4 05:52,4.133333333333333,573,3pt,K. Williams 26' 3PT  (10 PTS) (T. Mann 4 AST),[],Williams,88,99,Made,True,True,1629026,1630544.0,2pt made,3pt missed,,,,1626172|1627780|1629026|1629647|1629660|1629673|1630541|1630544|202324|202691,1629026|1629647|1629660|1630544|202324,1626172|1627780|1629673|1630541|202691,-185.0,195.0,1610612760.0,22100813
4,PT05M35.00S,05:35,Q4 05:35,4.416666666666667,575,3pt,MISS K. Thompson 3PT,[],Thompson,88,99,Missed,True,False,202691,,3pt made,rebound,,,,1626172|1627780|1629026|1629647|1629660|1629673|1630541|1630544|202324|202691,1626172|1627780|1629673|1630541|202691,1629026|1629647|1629660|1630544|202324,-235.0,0.0,1610612744.0,22100813
4,PT05M32.00S,05:32,Q4 05:32,4.466666666666667,576,rebound,T. Mann REBOUND (Off:0 Def:3),[],Mann,88,99,,False,False,1630544,,3pt missed,2pt missed,,,,1626172|1627780|1629026|1629647|1629660|1629673|1630541|1630544|202324|202691,1629026|1629647|1629660|1630544|202324,1626172|1627780|1629673|1630541|202691,,,1610612760.0,22100813
4,PT05M21.00S,05:21,Q4 05:21,4.65,578,2pt,MISS T. Mann 14' driving floating Shot,[],Mann,88,99,Missed,True,False,1630544,,rebound,rebound,,,,1626172|1627780|1629026|1629647|1629660|1629673|1630541|1630544|202324|202691,1629026|1629647|1629660|1630544|202324,1626172|1627780|1629673|1630541|202691,7.0,143.0,1610612760.0,22100813
4,PT05M19.00S,05:19,Q4 05:19,4.683333333333334,579,rebound,K. Williams REBOUND (Off:2 Def:5),[],Williams,88,99,,False,False,1629026,,2pt missed,2pt missed,,,,1626172|1627780|1629026|1629647|1629660|1629673|1630541|1630544|202324|202691,1629026|1629647|1629660|1630544|202324,1626172|1627780|1629673|1630541|202691,,,1610612760.0,22100813
4,PT05M12.00S,05:12,Q4 05:12,4.8,580,2pt,MISS T. Mann 16' step back Shot,['2ndchance'],Mann,88,99,Missed,True,False,1630544,,rebound,rebound,,,,1626172|1627780|1629026|1629647|1629660|1629673|1630541|1630544|202324|202691,1629026|1629647|1629660|1630544|202324,1626172|1627780|1629673|1630541|202691,131.0,92.0,1610612760.0,22100813
4,PT05M10.00S,05:10,Q4 05:10,4.833333333333333,581,rebound,K. Looney REBOUND (Off:1 Def:5),[],Looney,88,99,,False,False,1626172,,2pt missed,timeout,,,,1626172|1627780|1629026|1629647|1629660|1629673|1630541|1630544|202324|202691,1626172|1627780|1629673|1630541|202691,1629026|1629647|1629660|1630544|202324,,,1610612744.0,22100813
4,PT05M02.00S,05:02,Q4 05:02,4.966666666666667,582,timeout,GSW Timeout,['team'],,88,99,,False,False,0,,rebound,substitution,,,,1626172|1627780|1629026|1629647|1629660|1629673|1630541|1630544|202324|202691,1626172|1627780|1629673|1630541|202691,1629026|1629647|1629660|1630544|202324,,,1610612744.0,22100813
4,PT05M02.00S,05:02,Q4 05:02,4.966666666666667,583,substitution,SUB out: D. Favors,[],Favors,88,99,,False,False,202324,,timeout,substitution,,,,1626172|1627780|1629026|1629647|1629660|1629673|1630541|1630544|202691,1629026|1629647|1629660|1630544,1626172|1627780|1629673|1630541|202691,,,1610612760.0,22100813
4,PT05M02.00S,05:02,Q4 05:02,4.966666666666667,584,substitution,SUB out: K. Thompson,[],Thompson,88,99,,False,False,202691,,substitution,substitution,,,,1626172|1627780|1629026|1629647|1629660|1629673|1630541|1630544,1626172|1627780|1629673|1630541,1629026|1629647|1629660|1630544,,,1610612744.0,22100813
4,PT05M02.00S,05:02,Q4 05:02,4.966666666666667,585,substitution,SUB in: L. Dort,[],Dort,88,99,,False,False,1629652,,substitution,substitution,,,,1626172|1627780|1629026|1629647|1629652|1629660|1629673|1630541|1630544,1629026|1629647|1629652|1629660|1630544,1626172|1627780|1629673|1630541,,,1610612760.0,22100813
4,PT05M02.00S,05:02,Q4 05:02,4.966666666666667,586,substitution,SUB in: A. Wiggins,[],Wiggins,88,99,,False,False,203952,,substitution,3pt missed,,,,1626172|1627780|1629026|1629647|1629652|1629660|1629673|1630541|1630544|203952,1626172|1627780|1629673|1630541|203952,1629026|1629647|1629652|1629660|1630544,,,1610612744.0,22100813
4,PT04M52.00S,04:52,Q4 04:52,3.1333333333333333,587,3pt,MISS J. Poole 24' 3PT,[],Poole,88,99,Missed,True,False,1629673,,substitution,rebound,,,,1626172|1627780|1629026|1629647|1629652|1629660|1629673|1630541|1630544|203952,1626172|1627780|1629673|1630541|203952,1629026|1629647|1629652|1629660|1630544,-223.0,106.0,1610612744.0,22100813
4,PT04M46.00S,04:46,Q4 04:46,3.2333333333333334,588,rebound,TEAM offensive REBOUND,['team'],,88,99,,False,False,0,,3pt missed,2pt missed,,,,1626172|1627780|1629026|1629647|1629652|1629660|1629673|1630541|1630544|203952,1626172|1627780|1629673|1630541|203952,1629026|1629647|1629652|1629660|1630544,,,1610612744.0,22100813
4,PT04M36.00S,04:36,Q4 04:36,3.4,590,2pt,MISS A. Wiggins 8' driving Layup,"['pointsinthepaint', '2ndchance']",Wiggins,88,99,Missed,True,False,203952,,rebound,rebound,,,,1626172|1627780|1629026|1629647|1629652|1629660|1629673|1630541|1630544|203952,1626172|1627780|1629673|1630541|203952,1629026|1629647|1629652|1629660|1630544,55.0,68.0,1610612744.0,22100813
4,PT04M33.00S,04:33,Q4 04:33,3.45,591,rebound,T. Jerome REBOUND (Off:1 Def:2),[],Jerome,88,99,,False,False,1629660,,2pt missed,2pt missed,,,,1626172|1627780|1629026|1629647|1629652|1629660|1629673|1630541|1630544|203952,1629026|1629647|1629652|1629660|1630544,1626172|1627780|1629673|1630541|203952,,,1610612760.0,22100813
4,PT04M26.00S,04:26,Q4 04:26,3.5666666666666664,592,2pt,MISS T. Jerome driving Layup,['pointsinthepaint'],Jerome,88,99,Missed,True,False,1629660,,rebound,rebound,,,,1626172|1627780|1629026|1629647|1629652|1629660|1629673|1630541|1630544|203952,1629026|1629647|1629652|1629660|1630544,1626172|1627780|1629673|1630541|203952,-55.0,23.0,1610612760.0,22100813
4,PT04M25.00S,04:25,Q4 04:25,3.5833333333333335,593,rebound,K. Looney REBOUND (Off:1 Def:6),[],Looney,88,99,,False,False,1626172,,2pt missed,2pt made,,,,1626172|1627780|1629026|1629647|1629652|1629660|1629673|1630541|1630544|203952,1626172|1627780|1629673|1630541|203952,1629026|1629647|1629652|1629660|1630544,,,1610612744.0,22100813
4,PT04M15.00S,04:15,Q4 04:15,3.75,594,2pt,J. Poole driving finger roll Layup (11 PTS),['pointsinthepaint'],Poole,88,101,Made,True,False,1629673,,rebound,timeout,,,,1626172|1627780|1629026|1629647|1629652|1629660|1629673|1630541|1630544|203952,1626172|1627780|1629673|1630541|203952,1629026|1629647|1629652|1629660|1630544,-42.0,15.0,1610612744.0,22100813
4,PT04M15.00S,04:15,Q4 04:15,3.75,595,timeout,OKC Timeout,['team'],,88,101,,False,False,0,,2pt made,substitution,,,,1626172|1627780|1629026|1629647|1629652|1629660|1629673|1630541|1630544|203952,1629026|1629647|1629652|1629660|1630544,1626172|1627780|1629673|1630541|203952,,,1610612760.0,22100813
4,PT04M15.00S,04:15,Q4 04:15,3.75,596,substitution,SUB out: T. Jerome,[],Jerome,88,101,,False,False,1629660,,timeout,substitution,,,,1626172|1627780|1629026|1629647|1629652|1629673|1630541|1630544|203952,1629026|1629647|1629652|1630544,1626172|1627780|1629673|1630541|203952,,,1610612760.0,22100813
4,PT04M15.00S,04:15,Q4 04:15,3.75,597,substitution,SUB out: G. Payton II,[],Payton II,88,101,,False,False,1627780,,substitution,substitution,,,,1626172|1629026|1629647|1629652|1629673|1630541|1630544|203952,1626172|1629673|1630541|203952,1629026|1629647|1629652|1630544,,,1610612744.0,22100813
4,PT04M15.00S,04:15,Q4 04:15,3.75,598,substitution,SUB in: J. Giddey,[],Giddey,88,101,,False,False,1630581,,substitution,substitution,,,,1626172|1629026|1629647|1629652|1629673|1630541|1630544|1630581|203952,1629026|1629647|1629652|1630544|1630581,1626172|1629673|1630541|203952,,,1610612760.0,22100813
4,PT04M15.00S,04:15,Q4 04:15,3.75,599,substitution,SUB in: K. Thompson,[],Thompson,88,101,,False,False,202691,,substitution,turnover,,,,1626172|1629026|1629647|1629652|1629673|1630541|1630544|1630581|202691|203952,1626172|1629673|1630541|202691|203952,1629026|1629647|1629652|1630544|1630581,,,1610612744.0,22100813
4,PT04M02.00S,04:02,Q4 04:02,3.966666666666667,600,turnover,T. Mann bad pass TURNOVER (3 TO),[],Mann,88,101,,False,False,1630544,,substitution,steal,,203952.0,,1626172|1629026|1629647|1629652|1629673|1630541|1630544|1630581|202691|203952,1629026|1629647|1629652|1630544|1630581,1626172|1629673|1630541|202691|203952,,,1610612760.0,22100813
4,PT04M02.00S,04:02,Q4 04:02,3.966666666666667,601,steal,A. Wiggins STEAL (1 STL),[],Wiggins,88,101,,False,False,203952,,turnover,3pt missed,,,,1626172|1629026|1629647|1629652|1629673|1630541|1630544|1630581|202691|203952,1626172|1629673|1630541|202691|203952,1629026|1629647|1629652|1630544|1630581,,,1610612744.0,22100813
4,PT03M56.00S,03:56,Q4 03:56,2.0666666666666664,602,3pt,MISS A. Wiggins 26' running 3PT,['fromturnover'],Wiggins,88,101,Missed,True,False,203952,,steal,rebound,,,,1626172|1629026|1629647|1629652|1629673|1630541|1630544|1630581|202691|203952,1626172|1629673|1630541|202691|203952,1629026|1629647|1629652|1630544|1630581,10.0,263.0,1610612744.0,22100813
4,PT03M50.00S,03:50,Q4 03:50,2.1666666666666665,603,rebound,J. Poole REBOUND (Off:1 Def:6),[],Poole,88,101,,False,False,1629673,,3pt missed,2pt missed,,,,1626172|1629026|1629647|1629652|1629673|1630541|1630544|1630581|202691|203952,1626172|1629673|1630541|202691|203952,1629026|1629647|1629652|1630544|1630581,,,1610612744.0,22100813
4,PT03M48.00S,03:48,Q4 03:48,2.2,604,2pt,MISS M. Moody Layup,"['pointsinthepaint', 'fromturnover', '2ndchance']",Moody,88,101,Missed,True,False,1630541,,rebound,rebound,,,,1626172|1629026|1629647|1629652|1629673|1630541|1630544|1630581|202691|203952,1626172|1629673|1630541|202691|203952,1629026|1629647|1629652|1630544|1630581,-21.0,30.0,1610612744.0,22100813
4,PT03M45.00S,03:45,Q4 03:45,2.25,605,rebound,J. Giddey REBOUND (Off:3 Def:8),[],Giddey,88,101,,False,False,1630581,,2pt missed,foul,,,,1626172|1629026|1629647|1629652|1629673|1630541|1630544|1630581|202691|203952,1629026|1629647|1629652|1630544|1630581,1626172|1629673|1630541|202691|203952,,,1610612760.0,22100813
4,PT03M39.00S,03:39,Q4 03:39,2.35,606,foul,A. Wiggins personal FOUL (3 PF),[],Wiggins,88,101,,False,False,203952,,rebound,substitution,1629652.0,,,1626172|1629026|1629647|1629652|1629673|1630541|1630544|1630581|202691|203952,1626172|1629673|1630541|202691|203952,1629026|1629647|1629652|1630544|1630581,,,1610612744.0,22100813
4,PT03M39.00S,03:39,Q4 03:39,2.35,608,substitution,SUB out: J. Poole,[],Poole,88,101,,False,False,1629673,,foul,substitution,,,,1626172|1629026|1629647|1629652|1630541|1630544|1630581|202691|203952,1626172|1630541|202691|203952,1629026|1629647|1629652|1630544|1630581,,,1610612744.0,22100813
4,PT03M39.00S,03:39,Q4 03:39,2.35,609,substitution,SUB in: S. Curry,[],Curry,88,101,,False,False,201939,,substitution,2pt made,,,,1626172|1629026|1629647|1629652|1630541|1630544|1630581|201939|202691|203952,1626172|1630541|201939|202691|203952,1629026|1629647|1629652|1630544|1630581,,,1610612744.0,22100813
4,PT03M35.00S,03:35,Q4 03:35,2.4166666666666665,610,2pt,K. Williams reverse Layup (12 PTS) (J. Giddey 7 AST),['pointsinthepaint'],Williams,90,101,Made,True,True,1629026,1630581.0,substitution,turnover,,,,1626172|1629026|1629647|1629652|1630541|1630544|1630581|201939|202691|203952,1629026|1629647|1629652|1630544|1630581,1626172|1630541|201939|202691|203952,22.0,25.0,1610612760.0,22100813
4,PT03M08.00S,03:08,Q4 03:08,2.8666666666666667,612,turnover,A. Wiggins lost ball TURNOVER (3 TO),[],Wiggins,90,101,,False,False,203952,,2pt made,steal,,1629652.0,,1626172|1629026|1629647|1629652|1630541|1630544|1630581|201939|202691|203952,1626172|1630541|201939|202691|203952,1629026|1629647|1629652|1630544|1630581,,,1610612744.0,22100813
4,PT03M08.00S,03:08,Q4 03:08,2.8666666666666667,613,steal,L. Dort STEAL (3 STL),[],Dort,90,101,,False,False,1629652,,turnover,foul,,,,1626172|1629026|1629647|1629652|1630541|1630544|1630581|201939|202691|203952,1629026|1629647|1629652|1630544|1630581,1626172|1630541|201939|202691|203952,,,1610612760.0,22100813
4,PT03M04.00S,03:04,Q4 03:04,2.933333333333333,614,foul,K. Thompson shooting personal FOUL (2 PF) (Giddey 2 FT),['2freethrow'],Thompson,90,101,,False,False,202691,,steal,freethrow,1630581.0,,,1626172|1629026|1629647|1629652|1630541|1630544|1630581|201939|202691|203952,1626172|1630541|201939|202691|203952,1629026|1629647|1629652|1630544|1630581,,,1610612744.0,22100813
4,PT03M04.00S,03:04,Q4 03:04,2.933333333333333,616,freethrow,J. Giddey Free Throw 1 of 2 (11 PTS),['fromturnover'],Giddey,91,101,Made,False,False,1630581,,foul,freethrow,,,,1626172|1629026|1629647|1629652|1630541|1630544|1630581|201939|202691|203952,1629026|1629647|1629652|1630544|1630581,1626172|1630541|201939|202691|203952,,,1610612760.0,22100813
4,PT03M04.00S,03:04,Q4 03:04,2.933333333333333,617,freethrow,J. Giddey Free Throw 2 of 2 (12 PTS),['fromturnover'],Giddey,92,101,Made,False,False,1630581,,freethrow,turnover,,,,1626172|1629026|1629647|1629652|1630541|1630544|1630581|201939|202691|203952,1629026|1629647|1629652|1630544|1630581,1626172|1630541|201939|202691|203952,,,1610612760.0,22100813
4,PT02M56.00S,02:56,Q4 02:56,1.0666666666666667,618,turnover,M. Moody lost ball TURNOVER (1 TO),[],Moody,92,101,,False,False,1630541,,freethrow,steal,,1630581.0,,1626172|1629026|1629647|1629652|1630541|1630544|1630581|201939|202691|203952,1626172|1630541|201939|202691|203952,1629026|1629647|1629652|1630544|1630581,,,1610612744.0,22100813
4,PT02M56.00S,02:56,Q4 02:56,1.0666666666666667,619,steal,J. Giddey STEAL (1 STL),[],Giddey,92,101,,False,False,1630581,,turnover,2pt made,,,,1626172|1629026|1629647|1629652|1630541|1630544|1630581|201939|202691|203952,1629026|1629647|1629652|1630544|1630581,1626172|1630541|201939|202691|203952,,,1610612760.0,22100813
4,PT02M52.00S,02:52,Q4 02:52,1.1333333333333333,620,2pt,J. Giddey running Layup (14 PTS),"['pointsinthepaint', 'fromturnover', 'fastbreak']",Giddey,94,101,Made,True,False,1630581,,steal,timeout,,,,1626172|1629026|1629647|1629652|1630541|1630544|1630581|201939|202691|203952,1629026|1629647|1629652|1630544|1630581,1626172|1630541|201939|202691|203952,42.0,36.0,1610612760.0,22100813
4,PT02M52.00S,02:52,Q4 02:52,1.1333333333333333,621,timeout,GSW Timeout,['team'],,94,101,,False,False,0,,2pt made,substitution,,,,1626172|1629026|1629647|1629652|1630541|1630544|1630581|201939|202691|203952,1626172|1630541|201939|202691|203952,1629026|1629647|1629652|1630544|1630581,,,1610612744.0,22100813
4,PT02M52.00S,02:52,Q4 02:52,1.1333333333333333,622,substitution,SUB out: M. Moody,[],Moody,94,101,,False,False,1630541,,timeout,substitution,,,,1626172|1629026|1629647|1629652|1630544|1630581|201939|202691|203952,1626172|201939|202691|203952,1629026|1629647|1629652|1630544|1630581,,,1610612744.0,22100813
4,PT02M52.00S,02:52,Q4 02:52,1.1333333333333333,623,substitution,SUB in: J. Poole,[],Poole,94,101,,False,False,1629673,,substitution,foul,,,,1626172|1629026|1629647|1629652|1629673|1630544|1630581|201939|202691|203952,1626172|1629673|201939|202691|203952,1629026|1629647|1629652|1630544|1630581,,,1610612744.0,22100813
4,PT02M45.00S,02:45,Q4 02:45,1.25,625,foul,J. Poole offensive FOUL (4 PF),[],Poole,94,101,,False,False,1629673,,substitution,turnover,1629652.0,,,1626172|1629026|1629647|1629652|1629673|1630544|1630581|201939|202691|203952,1626172|1629673|201939|202691|203952,1629026|1629647|1629652|1630544|1630581,,,1610612744.0,22100813
4,PT02M45.00S,02:45,Q4 02:45,1.25,627,turnover,J. Poole offensive foul TURNOVER (3 TO),[],Poole,94,101,,False,False,1629673,,foul,2pt made,,,,1626172|1629026|1629647|1629652|1629673|1630544|1630581|201939|202691|203952,1626172|1629673|201939|202691|203952,1629026|1629647|1629652|1630544|1630581,,,1610612744.0,22100813
4,PT02M39.00S,02:39,Q4 02:39,1.35,628,2pt,J. Giddey driving Layup (16 PTS),"['pointsinthepaint', 'fromturnover']",Giddey,96,101,Made,True,False,1630581,,turnover,3pt made,,,,1626172|1629026|1629647|1629652|1629673|1630544|1630581|201939|202691|203952,1629026|1629647|1629652|1630544|1630581,1626172|1629673|201939|202691|203952,28.0,34.0,1610612760.0,22100813
4,PT02M24.00S,02:24,Q4 02:24,1.6,629,3pt,K. Thompson 26' 3PT  (18 PTS) (S. Curry 9 AST),[],Thompson,96,104,Made,True,True,202691,201939.0,2pt made,2pt made,,,,1626172|1629026|1629647|1629652|1629673|1630544|1630581|201939|202691|203952,1626172|1629673|201939|202691|203952,1629026|1629647|1629652|1630544|1630581,47.0,266.0,1610612744.0,22100813
4,PT02M08.00S,02:08,Q4 02:08,1.8666666666666667,631,2pt,L. Dort 13' pullup Jump Shot (26 PTS),['pointsinthepaint'],Dort,98,104,Made,True,False,1629652,,3pt made,2pt missed,,,,1626172|1629026|1629647|1629652|1629673|1630544|1630581|201939|202691|203952,1629026|1629647|1629652|1630544|1630581,1626172|1629673|201939|202691|203952,43.0,133.0,1610612760.0,22100813
4,PT01M42.00S,01:42,Q4 01:42,0.30000000000000004,632,2pt,MISS K. Thompson 7' driving floating bank Shot,['pointsinthepaint'],Thompson,98,104,Missed,True,False,202691,,2pt made,rebound,,,,1626172|1629026|1629647|1629652|1629673|1630544|1630581|201939|202691|203952,1626172|1629673|201939|202691|203952,1629026|1629647|1629652|1630544|1630581,-67.0,34.0,1610612744.0,22100813
4,PT01M38.00S,01:38,Q4 01:38,0.3666666666666667,633,rebound,D. Bazley REBOUND (Off:2 Def:6),[],Bazley,98,104,,False,False,1629647,,2pt missed,turnover,,,,1626172|1629026|1629647|1629652|1629673|1630544|1630581|201939|202691|203952,1629026|1629647|1629652|1630544|1630581,1626172|1629673|201939|202691|203952,,,1610612760.0,22100813
4,PT01M25.00S,01:25,Q4 01:25,0.5833333333333333,634,turnover,D. Bazley bad pass TURNOVER (1 TO),[],Bazley,98,104,,False,False,1629647,,rebound,steal,,1626172.0,,1626172|1629026|1629647|1629652|1629673|1630544|1630581|201939|202691|203952,1629026|1629647|1629652|1630544|1630581,1626172|1629673|201939|202691|203952,,,1610612760.0,22100813
4,PT01M25.00S,01:25,Q4 01:25,0.5833333333333333,635,steal,K. Looney STEAL (2 STL),[],Looney,98,104,,False,False,1626172,,turnover,3pt made,,,,1626172|1629026|1629647|1629652|1629673|1630544|1630581|201939|202691|203952,1626172|1629673|201939|202691|203952,1629026|1629647|1629652|1630544|1630581,,,1610612744.0,22100813
4,PT01M06.00S,01:06,Q4 01:06,0.9,636,3pt,K. Thompson 24' 3PT  (21 PTS) (S. Curry 10 AST),['fromturnover'],Thompson,98,107,Made,True,True,202691,201939.0,steal,timeout,,,,1626172|1629026|1629647|1629652|1629673|1630544|1630581|201939|202691|203952,1626172|1629673|201939|202691|203952,1629026|1629647|1629652|1630544|1630581,-192.0,152.0,1610612744.0,22100813
4,PT01M06.00S,01:06,Q4 01:06,0.9,638,timeout,OKC Timeout,['team'],,98,107,,False,False,0,,3pt made,3pt missed,,,,1626172|1629026|1629647|1629652|1629673|1630544|1630581|201939|202691|203952,1629026|1629647|1629652|1630544|1630581,1626172|1629673|201939|202691|203952,,,1610612760.0,22100813
4,PT01M01.00S,01:01,Q4 01:01,0.9833333333333333,639,3pt,MISS L. Dort 27' 3PT,[],Dort,98,107,Missed,True,False,1629652,,timeout,rebound,,,,1626172|1629026|1629647|1629652|1629673|1630544|1630581|201939|202691|203952,1629026|1629647|1629652|1630544|1630581,1626172|1629673|201939|202691|203952,-56.0,265.0,1610612760.0,22100813
4,PT00M59.30S,00:59,Q4 00:59,-0.9833333333333333,640,rebound,S. Curry REBOUND (Off:0 Def:9),[],Curry,98,107,,False,False,201939,,3pt missed,2pt missed,,,,1626172|1629026|1629647|1629652|1629673|1630544|1630581|201939|202691|203952,1626172|1629673|201939|202691|203952,1629026|1629647|1629652|1630544|1630581,,,1610612744.0,22100813
4,PT00M44.90S,00:44,Q4 00:44,-0.7333333333333333,641,2pt,MISS K. Thompson 14' fadeaway Shot,[],Thompson,98,107,Missed,True,False,202691,,rebound,rebound,,,,1626172|1629026|1629647|1629652|1629673|1630544|1630581|201939|202691|203952,1626172|1629673|201939|202691|203952,1629026|1629647|1629652|1630544|1630581,140.0,31.0,1610612744.0,22100813
4,PT00M41.50S,00:41,Q4 00:41,-0.6833333333333333,642,rebound,J. Poole REBOUND (Off:2 Def:6),[],Poole,98,107,,False,False,1629673,,2pt missed,3pt made,,,,1626172|1629026|1629647|1629652|1629673|1630544|1630581|201939|202691|203952,1626172|1629673|201939|202691|203952,1629026|1629647|1629652|1630544|1630581,,,1610612744.0,22100813
4,PT00M33.00S,00:33,Q4 00:33,-0.55,643,3pt,S. Curry 28' 3PT step back (18 PTS),['2ndchance'],Curry,98,110,Made,True,False,201939,,rebound,3pt missed,,,,1626172|1629026|1629647|1629652|1629673|1630544|1630581|201939|202691|203952,1626172|1629673|201939|202691|203952,1629026|1629647|1629652|1630544|1630581,-92.0,272.0,1610612744.0,22100813
4,PT00M24.80S,00:24,Q4 00:24,-0.4,644,3pt,MISS L. Dort 26' pullup 3PT,[],Dort,98,110,Missed,True,False,1629652,,3pt made,rebound,,,,1626172|1629026|1629647|1629652|1629673|1630544|1630581|201939|202691|203952,1629026|1629647|1629652|1630544|1630581,1626172|1629673|201939|202691|203952,184.0,191.0,1610612760.0,22100813
4,PT00M21.90S,00:21,Q4 00:21,-0.35,645,rebound,K. Thompson REBOUND (Off:0 Def:2),[],Thompson,98,110,,False,False,202691,,3pt missed,,,,,1626172|1629026|1629647|1629652|1629673|1630544|1630581|201939|202691|203952,1626172|1629673|201939|202691|203952,1629026|1629647|1629652|1630544|1630581,,,1610612744.0,22100813
