period,clock,clock_display,game_clock,minutes_left_in_game,actionNumber,actionType,description,qualifier,playerName,scoreHome,scoreAway,shotResult,isFieldGoal,assisted,person_id,assister_id,previous_action,next_action,foulDrawnPersonId,stealPersonId,blockPersonId,players_on,off_players_on,def_players_on,xLegacy,yLegacy,teamId,game_id
1,PT11M44.00S,11:44,Q1 11:44,46.266666666666666,7,turnover,A. Horford bad pass TURNOVER (1 TO),[],Horford,0,0,,False,False,201143,,,steal,,1630214.0,,1627759|1628369|1628464|1629001|1629723|1630214|1630533|201143|203935|203937,1627759|1628369|1628464|201143|203935,1629001|1629723|1630214|1630533|203937,,,1610612738.0,22101223
1,PT11M44.00S,11:44,Q1 11:44,46.266666666666666,8,steal,X. Tillman STEAL (1 STL),[],Tillman,0,0,,False,False,1630214,,turnover,3pt missed,,,,1627759|1628369|1628464|1629001|1629723|1630214|1630533|201143|203935|203937,1629001|1629723|1630214|1630533|203937,1627759|1628369|1628464|201143|203935,,,1610612763.0,22101223
1,PT11M31.00S,11:31,Q1 11:31,46.483333333333334,9,3pt,MISS D. Melton 29' pullup 3PT,['fromturnover'],Melton,0,0,Missed,True,False,1629001,,steal,rebound,,,,1627759|1628369|1628464|1629001|1629723|1630214|1630533|201143|203935|203937,1629001|1629723|1630214|1630533|203937,1627759|1628369|1628464|201143|203935,47.0,286.0,1610612763.0,22101223
1,PT11M28.00S,11:28,Q1 11:28,46.53333333333333,10,rebound,D. Theis REBOUND (Off:0 Def:1),[],Theis,0,0,,False,False,1628464,,3pt missed,foul,,,,1627759|1628369|1628464|1629001|1629723|1630214|1630533|201143|203935|203937,1627759|1628369|1628464|201143|203935,1629001|1629723|1630214|1630533|203937,,,1610612738.0,22101223
1,PT11M28.00S,11:28,Q1 11:28,46.53333333333333,11,foul,D. Melton take personal FOUL (1 PF),[],Melton,0,0,,False,False,1629001,,rebound,3pt made,1628464.0,,,1627759|1628369|1628464|1629001|1629723|1630214|1630533|201143|203935|203937,1629001|1629723|1630214|1630533|203937,1627759|1628369|1628464|201143|203935,,,1610612763.0,22101223
1,PT11M20.00S,11:20,Q1 11:20,46.666666666666664,13,3pt,J. Brown 25' 3PT  (3 PTS) (D. Theis 1 AST),[],Brown,0,3,Made,True,True,1627759,1628464.0,foul,3pt missed,,,,1627759|1628369|1628464|1629001|1629723|1630214|1630533|201143|203935|203937,1627759|1628369|1628464|201143|203935,1629001|1629723|1630214|1630533|203937,189.0,174.0,1610612738.0,22101223
1,PT10M58.00S,10:58,Q1 10:58,45.03333333333333,15,3pt,MISS Z. Williams 3PT,[],Williams,0,3,Missed,True,False,1630533,,3pt made,rebound,,,,1627759|1628369|1628464|1629001|1629723|1630214|1630533|201143|203935|203937,1629001|1629723|1630214|1630533|203937,1627759|1628369|1628464|201143|203935,-235.0,8.0,1610612763.0,22101223
1,PT10M55.00S,10:55,Q1 10:55,45.083333333333336,16,rebound,TEAM offensive REBOUND,['team'],,0,3,,False,False,0,,3pt missed,2pt missed,,,,1627759|1628369|1628464|1629001|1629723|1630214|1630533|201143|203935|203937,1629001|1629723|1630214|1630533|203937,1627759|1628369|1628464|201143|203935,,,1610612763.0,22101223
1,PT10M47.00S,10:47,Q1 10:47,45.21666666666667,18,2pt,MISS K. Anderson driving finger roll Layup,"['pointsinthepaint', '2ndchance']",Anderson,0,3,Missed,True,False,203937,,rebound,rebound,,,,1627759|1628369|1628464|1629001|1629723|1630214|1630533|201143|203935|203937,1629001|1629723|1630214|1630533|203937,1627759|1628369|1628464|201143|203935,34.0,25.0,1610612763.0,22101223
1,PT10M46.00S,10:46,Q1 10:46,45.233333333333334,19,rebound,D. Theis REBOUND (Off:0 Def:2),[],Theis,0,3,,False,False,1628464,,2pt missed,2pt made,,,,1627759|1628369|1628464|1629001|1629723|1630214|1630533|201143|203935|203937,1627759|1628369|1628464|201143|203935,1629001|1629723|1630214|1630533|203937,,,1610612738.0,22101223
1,PT10M36.00S,10:36,Q1 10:36,45.4,20,2pt,A. Horford Layup (2 PTS),['pointsinthepaint'],Horford,0,5,Made,True,False,201143,,rebound,3pt missed,,,,1627759|1628369|1628464|1629001|1629723|1630214|1630533|201143|203935|203937,1627759|1628369|1628464|201143|203935,1629001|1629723|1630214|1630533|203937,18.0,4.0,1610612738.0,22101223
1,PT10M17.00S,10:17,Q1 10:17,45.71666666666667,21,3pt,MISS Z. Williams 24' 3PT,[],Williams,0,5,Missed,True,False,1630533,,2pt made,rebound,,,,1627759|1628369|1628464|1629001|1629723|1630214|1630533|201143|203935|203937,1629001|1629723|1630214|1630533|203937,1627759|1628369|1628464|201143|203935,142.0,201.0,1610612763.0,22101223
1,PT10M14.00S,10:14,Q1 10:14,45.766666666666666,22,rebound,A. Horford REBOUND (Off:0 Def:1),[],Horford,0,5,,False,False,201143,,3pt missed,turnover,,,,1627759|1628369|1628464|1629001|1629723|1630214|1630533|201143|203935|203937,1627759|1628369|1628464|201143|203935,1629001|1629723|1630214|1630533|203937,,,1610612738.0,22101223
1,PT10M07.00S,10:07,Q1 10:07,45.88333333333333,23,turnover,J. Tatum lost ball TURNOVER (1 TO),[],Tatum,0,5,,False,False,1628369,,rebound,steal,,203937.0,,1627759|1628369|1628464|1629001|1629723|1630214|1630533|201143|203935|203937,1627759|1628369|1628464|201143|203935,1629001|1629723|1630214|1630533|203937,,,1610612738.0,22101223
1,PT10M07.00S,10:07,Q1 10:07,45.88333333333333,24,steal,K. Anderson STEAL (1 STL),[],Anderson,0,5,,False,False,203937,,turnover,foul,,,,1627759|1628369|1628464|1629001|1629723|1630214|1630533|201143|203935|203937,1629001|1629723|1630214|1630533|203937,1627759|1628369|1628464|201143|203935,,,1610612763.0,22101223
1,PT10M03.00S,10:03,Q1 10:03,45.95,25,foul,J. Brown shooting personal FOUL (1 PF) (Anderson 2 FT),['2freethrow'],Brown,0,5,,False,False,1627759,,steal,freethrow,203937.0,,,1627759|1628369|1628464|1629001|1629723|1630214|1630533|201143|203935|203937,1627759|1628369|1628464|201143|203935,1629001|1629723|1630214|1630533|203937,,,1610612738.0,22101223
1,PT10M03.00S,10:03,Q1 10:03,45.95,27,freethrow,MISS K. Anderson Free Throw 1 of 2,"['fromturnover', 'fastbreak']",Anderson,0,5,Missed,False,False,203937,,foul,rebound,,,,1627759|1628369|1628464|1629001|1629723|1630214|1630533|201143|203935|203937,1629001|1629723|1630214|1630533|203937,1627759|1628369|1628464|201143|203935,,,1610612763.0,22101223
1,PT10M03.00S,10:03,Q1 10:03,45.95,28,rebound,TEAM offensive REBOUND,"['deadball', 'team']",,0,5,,False,False,0,,freethrow,freethrow,,,,1627759|1628369|1628464|1629001|1629723|1630214|1630533|201143|203935|203937,1629001|1629723|1630214|1630533|203937,1627759|1628369|1628464|201143|203935,,,1610612763.0,22101223
1,PT10M03.00S,10:03,Q1 10:03,45.95,29,freethrow,K. Anderson Free Throw 2 of 2 (1 PTS),"['fastbreak', 'fromturnover']",Anderson,1,5,Made,False,False,203937,,rebound,2pt made,,,,1627759|1628369|1628464|1629001|1629723|1630214|1630533|201143|203935|203937,1629001|1629723|1630214|1630533|203937,1627759|1628369|1628464|201143|203935,,,1610612763.0,22101223
1,PT09M51.00S,09:51,Q1 09:51,44.15,30,2pt,J. Tatum alley-oop DUNK (2 PTS) (D. Theis 2 AST),['pointsinthepaint'],Tatum,1,7,Made,True,True,1628369,1628464.0,freethrow,3pt missed,,,,1627759|1628369|1628464|1629001|1629723|1630214|1630533|201143|203935|203937,1627759|1628369|1628464|201143|203935,1629001|1629723|1630214|1630533|203937,-2.0,8.0,1610612738.0,22101223
1,PT09M35.00S,09:35,Q1 09:35,44.416666666666664,32,3pt,MISS J. Konchar 26' pullup 3PT,[],Konchar,1,7,Missed,True,False,1629723,,2pt made,rebound,,,,1627759|1628369|1628464|1629001|1629723|1630214|1630533|201143|203935|203937,1629001|1629723|1630214|1630533|203937,1627759|1628369|1628464|201143|203935,-157.0,211.0,1610612763.0,22101223
1,PT09M32.00S,09:32,Q1 09:32,44.46666666666667,33,rebound,K. Anderson REBOUND (Off:1 Def:0),[],Anderson,1,7,,False,False,203937,,3pt missed,3pt made,,,,1627759|1628369|1628464|1629001|1629723|1630214|1630533|201143|203935|203937,1629001|1629723|1630214|1630533|203937,1627759|1628369|1628464|201143|203935,,,1610612763.0,22101223
1,PT09M28.00S,09:28,Q1 09:28,44.53333333333333,34,3pt,D. Melton 3PT  (3 PTS) (K. Anderson 1 AST),['2ndchance'],Melton,4,7,Made,True,True,1629001,203937.0,rebound,turnover,,,,1627759|1628369|1628464|1629001|1629723|1630214|1630533|201143|203935|203937,1629001|1629723|1630214|1630533|203937,1627759|1628369|1628464|201143|203935,227.0,29.0,1610612763.0,22101223
1,PT09M23.00S,09:23,Q1 09:23,44.61666666666667,36,turnover,J. Brown bad pass TURNOVER (1 TO),[],Brown,4,7,,False,False,1627759,,3pt made,steal,,1629723.0,,1627759|1628369|1628464|1629001|1629723|1630214|1630533|201143|203935|203937,1627759|1628369|1628464|201143|203935,1629001|1629723|1630214|1630533|203937,,,1610612738.0,22101223
1,PT09M23.00S,09:23,Q1 09:23,44.61666666666667,37,steal,J. Konchar STEAL (1 STL),[],Konchar,4,7,,False,False,1629723,,turnover,2pt missed,,,,1627759|1628369|1628464|1629001|1629723|1630214|1630533|201143|203935|203937,1629001|1629723|1630214|1630533|203937,1627759|1628369|1628464|201143|203935,,,1610612763.0,22101223
1,PT09M21.00S,09:21,Q1 09:21,44.65,38,2pt,MISS J. Konchar driving Layup,"['pointsinthepaint', 'fromturnover']",Konchar,4,7,Missed,True,False,1629723,,steal,rebound,,,,1627759|1628369|1628464|1629001|1629723|1630214|1630533|201143|203935|203937,1629001|1629723|1630214|1630533|203937,1627759|1628369|1628464|201143|203935,-27.0,11.0,1610612763.0,22101223
1,PT09M19.00S,09:19,Q1 09:19,44.68333333333333,39,rebound,J. Brown REBOUND (Off:0 Def:1),[],Brown,4,7,,False,False,1627759,,2pt missed,2pt made,,,,1627759|1628369|1628464|1629001|1629723|1630214|1630533|201143|203935|203937,1627759|1628369|1628464|201143|203935,1629001|1629723|1630214|1630533|203937,,,1610612738.0,22101223
1,PT09M08.00S,09:08,Q1 09:08,44.86666666666667,40,2pt,J. Brown 21' step back Jump Shot (5 PTS),[],Brown,4,9,Made,True,False,1627759,,rebound,3pt missed,,,,1627759|1628369|1628464|1629001|1629723|1630214|1630533|201143|203935|203937,1627759|1628369|1628464|201143|203935,1629001|1629723|1630214|1630533|203937,-158.0,146.0,1610612738.0,22101223
1,PT08M59.00S,08:59,Q1 08:59,43.016666666666666,41,3pt,MISS D. Melton pullup 3PT,[],Melton,4,9,Missed,True,False,1629001,,2pt made,rebound,,,,1627759|1628369|1628464|1629001|1629723|1630214|1630533|201143|203935|203937,1629001|1629723|1630214|1630533|203937,1627759|1628369|1628464|201143|203935,228.0,73.0,1610612763.0,22101223
1,PT08M55.00S,08:55,Q1 08:55,43.083333333333336,42,rebound,D. Melton REBOUND (Off:1 Def:0),[],Melton,4,9,,False,False,1629001,,3pt missed,3pt made,,,,1627759|1628369|1628464|1629001|1629723|1630214|1630533|201143|203935|203937,1629001|1629723|1630214|1630533|203937,1627759|1628369|1628464|201143|203935,,,1610612763.0,22101223
1,PT08M53.00S,08:53,Q1 08:53,43.11666666666667,43,3pt,K. Anderson 25' 3PT pullup (4 PTS) (D. Melton 1 AST),['2ndchance'],Anderson,7,9,Made,True,True,203937,1629001.0,rebound,3pt missed,,,,1627759|1628369|1628464|1629001|1629723|1630214|1630533|201143|203935|203937,1629001|1629723|1630214|1630533|203937,1627759|1628369|1628464|201143|203935,-161.0,197.0,1610612763.0,22101223
1,PT08M36.00S,08:36,Q1 08:36,43.4,45,3pt,MISS J. Tatum 24' pullup 3PT,[],Tatum,7,9,Missed,True,False,1628369,,3pt made,rebound,,,,1627759|1628369|1628464|1629001|1629723|1630214|1630533|201143|203935|203937,1627759|1628369|1628464|201143|203935,1629001|1629723|1630214|1630533|203937,158.0,188.0,1610612738.0,22101223
1,PT08M33.00S,08:33,Q1 08:33,43.45,46,rebound,X. Tillman REBOUND (Off:0 Def:1),[],Tillman,7,9,,False,False,1630214,,3pt missed,2pt missed,,,,1627759|1628369|1628464|1629001|1629723|1630214|1630533|201143|203935|203937,1629001|1629723|1630214|1630533|203937,1627759|1628369|1628464|201143|203935,,,1610612763.0,22101223
1,PT08M22.00S,08:22,Q1 08:22,43.63333333333333,48,2pt,MISS K. Anderson driving Layup,['pointsinthepaint'],Anderson,7,9,Missed,True,False,203937,,rebound,rebound,,,,1627759|1628369|1628464|1629001|1629723|1630214|1630533|201143|203935|203937,1629001|1629723|1630214|1630533|203937,1627759|1628369|1628464|201143|203935,-49.0,25.0,1610612763.0,22101223
1,PT08M18.00S,08:18,Q1 08:18,43.7,49,rebound,M. Smart REBOUND (Off:0 Def:1),[],Smart,7,9,,False,False,203935,,2pt missed,2pt made,,,,1627759|1628369|1628464|1629001|1629723|1630214|1630533|201143|203935|203937,1627759|1628369|1628464|201143|203935,1629001|1629723|1630214|1630533|203937,,,1610612738.0,22101223
1,PT08M14.00S,08:14,Q1 08:14,43.766666666666666,50,2pt,J. Tatum running finger roll Layup (4 PTS) (M. Smart 1 AST),"['pointsinthepaint', 'fastbreak']",Tatum,7,11,Made,True,True,1628369,203935.0,rebound,foul,,,,1627759|1628369|1628464|1629001|1629723|1630214|1630533|201143|203935|203937,1627759|1628369|1628464|201143|203935,1629001|1629723|1630214|1630533|203937,-17.0,9.0,1610612738.0,22101223
1,PT08M05.00S,08:05,Q1 08:05,43.916666666666664,52,foul,X. Tillman offensive FOUL (1 PF),[],Tillman,7,11,,False,False,1630214,,2pt made,turnover,203935.0,,,1627759|1628369|1628464|1629001|1629723|1630214|1630533|201143|203935|203937,1629001|1629723|1630214|1630533|203937,1627759|1628369|1628464|201143|203935,,,1610612763.0,22101223
1,PT08M05.00S,08:05,Q1 08:05,43.916666666666664,54,turnover,X. Tillman offensive foul TURNOVER (1 TO),[],Tillman,7,11,,False,False,1630214,,foul,2pt missed,,,,1627759|1628369|1628464|1629001|1629723|1630214|1630533|201143|203935|203937,1629001|1629723|1630214|1630533|203937,1627759|1628369|1628464|201143|203935,,,1610612763.0,22101223
1,PT07M52.00S,07:52,Q1 07:52,42.13333333333333,57,2pt,MISS J. Brown 12' turnaround fadeaway Shot,['fromturnover'],Brown,7,11,Missed,True,False,1627759,,turnover,rebound,,,,1627759|1628369|1628464|1629001|1629723|1630214|1630533|201143|203935|203937,1627759|1628369|1628464|201143|203935,1629001|1629723|1630214|1630533|203937,-121.0,14.0,1610612738.0,22101223
1,PT07M49.00S,07:49,Q1 07:49,42.18333333333333,58,rebound,K. Anderson REBOUND (Off:1 Def:1),[],Anderson,7,11,,False,False,203937,,2pt missed,3pt missed,,,,1627759|1628369|1628464|1629001|1629723|1630214|1630533|201143|203935|203937,1629001|1629723|1630214|1630533|203937,1627759|1628369|1628464|201143|203935,,,1610612763.0,22101223
1,PT07M40.00S,07:40,Q1 07:40,42.333333333333336,59,3pt,MISS Z. Williams 25' 3PT,[],Williams,7,11,Missed,True,False,1630533,,rebound,rebound,,,,1627759|1628369|1628464|1629001|1629723|1630214|1630533|201143|203935|203937,1629001|1629723|1630214|1630533|203937,1627759|1628369|1628464|201143|203935,186.0,170.0,1610612763.0,22101223
1,PT07M38.00S,07:38,Q1 07:38,42.36666666666667,60,rebound,M. Smart REBOUND (Off:0 Def:2),[],Smart,7,11,,False,False,203935,,3pt missed,foul,,,,1627759|1628369|1628464|1629001|1629723|1630214|1630533|201143|203935|203937,1627759|1628369|1628464|201143|203935,1629001|1629723|1630214|1630533|203937,,,1610612738.0,22101223
1,PT07M29.00S,07:29,Q1 07:29,42.516666666666666,62,foul,D. Melton personal FOUL (2 PF),[],Melton,7,11,,False,False,1629001,,rebound,substitution,1627759.0,,,1627759|1628369|1628464|1629001|1629723|1630214|1630533|201143|203935|203937,1629001|1629723|1630214|1630533|203937,1627759|1628369|1628464|201143|203935,,,1610612763.0,22101223
1,PT07M29.00S,07:29,Q1 07:29,42.516666666666666,64,substitution,SUB out: D. Melton,[],Melton,7,11,,False,False,1629001,,foul,substitution,,,,1627759|1628369|1628464|1629723|1630214|1630533|201143|203935|203937,1629723|1630214|1630533|203937,1627759|1628369|1628464|201143|203935,,,1610612763.0,22101223
1,PT07M29.00S,07:29,Q1 07:29,42.516666666666666,65,substitution,SUB in: J. Culver,[],Culver,7,11,,False,False,1629633,,substitution,2pt missed,,,,1627759|1628369|1628464|1629633|1629723|1630214|1630533|201143|203935|203937,1629633|1629723|1630214|1630533|203937,1627759|1628369|1628464|201143|203935,,,1610612763.0,22101223
1,PT07M21.00S,07:21,Q1 07:21,42.65,66,2pt,MISS J. Tatum reverse Layup - blocked,['pointsinthepaint'],Tatum,7,11,Missed,True,False,1628369,,substitution,block,,,203937.0,1627759|1628369|1628464|1629633|1629723|1630214|1630533|201143|203935|203937,1627759|1628369|1628464|201143|203935,1629633|1629723|1630214|1630533|203937,39.0,10.0,1610612738.0,22101223
1,PT07M21.00S,07:21,Q1 07:21,42.65,67,block,K. Anderson BLOCK (1 BLK),[],Anderson,7,11,,False,False,203937,,2pt missed,rebound,,,,1627759|1628369|1628464|1629633|1629723|1630214|1630533|201143|203935|203937,1629633|1629723|1630214|1630533|203937,1627759|1628369|1628464|201143|203935,,,1610612763.0,22101223
1,PT07M16.00S,07:16,Q1 07:16,42.733333333333334,68,rebound,D. Theis REBOUND (Off:1 Def:2),[],Theis,7,11,,False,False,1628464,,block,2pt made,,,,1627759|1628369|1628464|1629633|1629723|1630214|1630533|201143|203935|203937,1627759|1628369|1628464|201143|203935,1629633|1629723|1630214|1630533|203937,,,1610612738.0,22101223
1,PT07M16.00S,07:16,Q1 07:16,42.733333333333334,69,2pt,D. Theis tip Layup (2 PTS),"['pointsinthepaint', '2ndchance']",Theis,7,13,Made,True,False,1628464,,rebound,2pt missed,,,,1627759|1628369|1628464|1629633|1629723|1630214|1630533|201143|203935|203937,1627759|1628369|1628464|201143|203935,1629633|1629723|1630214|1630533|203937,0.0,0.0,1610612738.0,22101223
1,PT07M09.00S,07:09,Q1 07:09,42.85,70,2pt,MISS J. Culver 8' driving floating Shot,['pointsinthepaint'],Culver,7,13,Missed,True,False,1629633,,2pt made,rebound,,,,1627759|1628369|1628464|1629633|1629723|1630214|1630533|201143|203935|203937,1629633|1629723|1630214|1630533|203937,1627759|1628369|1628464|201143|203935,-28.0,76.0,1610612763.0,22101223
1,PT07M09.00S,07:09,Q1 07:09,42.85,71,rebound,J. Tatum REBOUND (Off:0 Def:1),[],Tatum,7,13,,False,False,1628369,,2pt missed,turnover,,,,1627759|1628369|1628464|1629633|1629723|1630214|1630533|201143|203935|203937,1627759|1628369|1628464|201143|203935,1629633|1629723|1630214|1630533|203937,,,1610612738.0,22101223
1,PT07M00.00S,07:00,Q1 07:00,43.0,72,turnover,M. Smart bad pass TURNOVER (1 TO),[],Smart,7,13,,False,False,203935,,rebound,steal,,203937.0,,1627759|1628369|1628464|1629633|1629723|1630214|1630533|201143|203935|203937,1627759|1628369|1628464|201143|203935,1629633|1629723|1630214|1630533|203937,,,1610612738.0,22101223
1,PT07M00.00S,07:00,Q1 07:00,43.0,73,steal,K. Anderson STEAL (2 STL),[],Anderson,7,13,,False,False,203937,,turnover,2pt missed,,,,1627759|1628369|1628464|1629633|1629723|1630214|1630533|201143|203935|203937,1629633|1629723|1630214|1630533|203937,1627759|1628369|1628464|201143|203935,,,1610612763.0,22101223
1,PT06M54.00S,06:54,Q1 06:54,41.1,74,2pt,MISS J. Culver running Layup,"['pointsinthepaint', 'fromturnover']",Culver,7,13,Missed,True,False,1629633,,steal,rebound,,,,1627759|1628369|1628464|1629633|1629723|1630214|1630533|201143|203935|203937,1629633|1629723|1630214|1630533|203937,1627759|1628369|1628464|201143|203935,-36.0,16.0,1610612763.0,22101223
1,PT06M52.00S,06:52,Q1 06:52,41.13333333333333,75,rebound,X. Tillman REBOUND (Off:1 Def:1),[],Tillman,7,13,,False,False,1630214,,2pt missed,2pt made,,,,1627759|1628369|1628464|1629633|1629723|1630214|1630533|201143|203935|203937,1629633|1629723|1630214|1630533|203937,1627759|1628369|1628464|201143|203935,,,1610612763.0,22101223
1,PT06M52.00S,06:52,Q1 06:52,41.13333333333333,76,2pt,J. Konchar cutting finger roll Layup (2 PTS) (X. Tillman 1 AST),"['pointsinthepaint', 'fromturnover', '2ndchance']",Konchar,9,13,Made,True,True,1629723,1630214.0,rebound,foul,,,,1627759|1628369|1628464|1629633|1629723|1630214|1630533|201143|203935|203937,1629633|1629723|1630214|1630533|203937,1627759|1628369|1628464|201143|203935,18.0,20.0,1610612763.0,22101223
1,PT06M52.00S,06:52,Q1 06:52,41.13333333333333,78,foul,J. Brown shooting personal FOUL (2 PF) (Konchar 1 FT),['1freethrow'],Brown,9,13,,False,False,1627759,,2pt made,timeout,1629723.0,,,1627759|1628369|1628464|1629633|1629723|1630214|1630533|201143|203935|203937,1627759|1628369|1628464|201143|203935,1629633|1629723|1630214|1630533|203937,,,1610612738.0,22101223
1,PT06M52.00S,06:52,Q1 06:52,41.13333333333333,80,timeout,MEM Timeout,"['team', 'mandatory']",,9,13,,False,False,0,,foul,freethrow,,,,1627759|1628369|1628464|1629633|1629723|1630214|1630533|201143|203935|203937,1629633|1629723|1630214|1630533|203937,1627759|1628369|1628464|201143|203935,,,1610612763.0,22101223
1,PT06M52.00S,06:52,Q1 06:52,41.13333333333333,83,freethrow,MISS J. Konchar Free Throw 1 of 1,"['fromturnover', '2ndchance']",Konchar,9,13,Missed,False,False,1629723,,timeout,substitution,,,,1627759|1628369|1628464|1629633|1629723|1630214|1630533|201143|203935|203937,1629633|1629723|1630214|1630533|203937,1627759|1628369|1628464|201143|203935,,,1610612763.0,22101223
1,PT06M52.00S,06:52,Q1 06:52,41.13333333333333,81,substitution,SUB out: J. Brown,[],Brown,9,13,,False,False,1627759,,freethrow,substitution,,,,1628369|1628464|1629633|1629723|1630214|1630533|201143|203935|203937,1628369|1628464|201143|203935,1629633|1629723|1630214|1630533|203937,,,1610612738.0,22101223
1,PT06M52.00S,06:52,Q1 06:52,41.13333333333333,82,substitution,SUB in: D. White,[],White,9,13,,False,False,1628401,,substitution,rebound,,,,1628369|1628401|1628464|1629633|1629723|1630214|1630533|201143|203935|203937,1628369|1628401|1628464|201143|203935,1629633|1629723|1630214|1630533|203937,,,1610612738.0,22101223
1,PT06M50.00S,06:50,Q1 06:50,41.166666666666664,84,rebound,A. Horford REBOUND (Off:0 Def:2),[],Horford,9,13,,False,False,201143,,substitution,2pt made,,,,1628369|1628401|1628464|1629633|1629723|1630214|1630533|201143|203935|203937,1628369|1628401|1628464|201143|203935,1629633|1629723|1630214|1630533|203937,,,1610612738.0,22101223
1,PT06M37.00S,06:37,Q1 06:37,41.38333333333333,85,2pt,J. Tatum 7' driving Layup (6 PTS) (D. White 1 AST),['pointsinthepaint'],Tatum,9,15,Made,True,True,1628369,1628401.0,rebound,3pt missed,,,,1628369|1628401|1628464|1629633|1629723|1630214|1630533|201143|203935|203937,1628369|1628401|1628464|201143|203935,1629633|1629723|1630214|1630533|203937,61.0,50.0,1610612738.0,22101223
1,PT06M17.00S,06:17,Q1 06:17,41.71666666666667,87,3pt,MISS J. Culver 24' pullup 3PT,[],Culver,9,15,Missed,True,False,1629633,,2pt made,rebound,,,,1628369|1628401|1628464|1629633|1629723|1630214|1630533|201143|203935|203937,1629633|1629723|1630214|1630533|203937,1628369|1628401|1628464|201143|203935,180.0,168.0,1610612763.0,22101223
1,PT06M13.00S,06:13,Q1 06:13,41.78333333333333,88,rebound,D. Theis REBOUND (Off:1 Def:3),[],Theis,9,15,,False,False,1628464,,3pt missed,3pt made,,,,1628369|1628401|1628464|1629633|1629723|1630214|1630533|201143|203935|203937,1628369|1628401|1628464|201143|203935,1629633|1629723|1630214|1630533|203937,,,1610612738.0,22101223
1,PT05M59.00S,05:59,Q1 05:59,40.016666666666666,89,3pt,J. Tatum 24' 3PT  (9 PTS) (M. Smart 2 AST),[],Tatum,9,18,Made,True,True,1628369,203935.0,rebound,3pt made,,,,1628369|1628401|1628464|1629633|1629723|1630214|1630533|201143|203935|203937,1628369|1628401|1628464|201143|203935,1629633|1629723|1630214|1630533|203937,38.0,243.0,1610612738.0,22101223
1,PT05M43.00S,05:43,Q1 05:43,40.28333333333333,91,3pt,Z. Williams 25' 3PT  (3 PTS) (J. Konchar 1 AST),[],Williams,12,18,Made,True,True,1630533,1629723.0,3pt made,turnover,,,,1628369|1628401|1628464|1629633|1629723|1630214|1630533|201143|203935|203937,1629633|1629723|1630214|1630533|203937,1628369|1628401|1628464|201143|203935,132.0,217.0,1610612763.0,22101223
1,PT05M23.00S,05:23,Q1 05:23,40.61666666666667,93,turnover,A. Horford bad pass TURNOVER (2 TO),[],Horford,12,18,,False,False,201143,,3pt made,steal,,1630214.0,,1628369|1628401|1628464|1629633|1629723|1630214|1630533|201143|203935|203937,1628369|1628401|1628464|201143|203935,1629633|1629723|1630214|1630533|203937,,,1610612738.0,22101223
1,PT05M23.00S,05:23,Q1 05:23,40.61666666666667,94,steal,X. Tillman STEAL (2 STL),[],Tillman,12,18,,False,False,1630214,,turnover,2pt made,,,,1628369|1628401|1628464|1629633|1629723|1630214|1630533|201143|203935|203937,1629633|1629723|1630214|1630533|203937,1628369|1628401|1628464|201143|203935,,,1610612763.0,22101223
1,PT05M16.00S,05:16,Q1 05:16,40.733333333333334,95,2pt,K. Anderson 7' driving floating Jump Shot (6 PTS) (J. Konchar 2 AST),"['pointsinthepaint', 'fromturnover', 'fastbreak']",Anderson,14,18,Made,True,True,203937,1629723.0,steal,3pt missed,,,,1628369|1628401|1628464|1629633|1629723|1630214|1630533|201143|203935|203937,1629633|1629723|1630214|1630533|203937,1628369|1628401|1628464|201143|203935,-11.0,79.0,1610612763.0,22101223
1,PT05M00.00S,05:00,Q1 05:00,41.0,97,3pt,MISS M. Smart 3PT,[],Smart,14,18,Missed,True,False,203935,,2pt made,rebound,,,,1628369|1628401|1628464|1629633|1629723|1630214|1630533|201143|203935|203937,1628369|1628401|1628464|201143|203935,1629633|1629723|1630214|1630533|203937,-228.0,32.0,1610612738.0,22101223
1,PT04M57.00S,04:57,Q1 04:57,39.05,98,rebound,J. Culver REBOUND (Off:0 Def:1),[],Culver,14,18,,False,False,1629633,,3pt missed,3pt missed,,,,1628369|1628401|1628464|1629633|1629723|1630214|1630533|201143|203935|203937,1629633|1629723|1630214|1630533|203937,1628369|1628401|1628464|201143|203935,,,1610612763.0,22101223
1,PT04M52.00S,04:52,Q1 04:52,39.13333333333333,99,3pt,MISS X. Tillman 25' 3PT,['fastbreak'],Tillman,14,18,Missed,True,False,1630214,,rebound,rebound,,,,1628369|1628401|1628464|1629633|1629723|1630214|1630533|201143|203935|203937,1629633|1629723|1630214|1630533|203937,1628369|1628401|1628464|201143|203935,-197.0,157.0,1610612763.0,22101223
1,PT04M48.00S,04:48,Q1 04:48,39.2,100,rebound,A. Horford REBOUND (Off:0 Def:3),[],Horford,14,18,,False,False,201143,,3pt missed,foul,,,,1628369|1628401|1628464|1629633|1629723|1630214|1630533|201143|203935|203937,1628369|1628401|1628464|201143|203935,1629633|1629723|1630214|1630533|203937,,,1610612738.0,22101223
1,PT04M41.00S,04:41,Q1 04:41,39.31666666666667,101,foul,J. Culver shooting personal FOUL (1 PF) (Tatum 2 FT),['2freethrow'],Culver,14,18,,False,False,1629633,,rebound,freethrow,1628369.0,,,1628369|1628401|1628464|1629633|1629723|1630214|1630533|201143|203935|203937,1629633|1629723|1630214|1630533|203937,1628369|1628401|1628464|201143|203935,,,1610612763.0,22101223
1,PT04M41.00S,04:41,Q1 04:41,39.31666666666667,103,freethrow,J. Tatum Free Throw 1 of 2 (10 PTS),[],Tatum,14,19,Made,False,False,1628369,,foul,freethrow,,,,1628369|1628401|1628464|1629633|1629723|1630214|1630533|201143|203935|203937,1628369|1628401|1628464|201143|203935,1629633|1629723|1630214|1630533|203937,,,1610612738.0,22101223
1,PT04M41.00S,04:41,Q1 04:41,39.31666666666667,108,freethrow,J. Tatum Free Throw 2 of 2 (11 PTS),[],Tatum,14,20,Made,False,False,1628369,,freethrow,substitution,,,,1628369|1628401|1628464|1629633|1629723|1630214|1630533|201143|203935|203937,1628369|1628401|1628464|201143|203935,1629633|1629723|1630214|1630533|203937,,,1610612738.0,22101223
1,PT04M41.00S,04:41,Q1 04:41,39.31666666666667,104,substitution,SUB out: K. Anderson,[],Anderson,14,19,,False,False,203937,,freethrow,substitution,,,,1628369|1628401|1628464|1629633|1629723|1630214|1630533|201143|203935,1629633|1629723|1630214|1630533,1628369|1628401|1628464|201143|203935,,,1610612763.0,22101223
1,PT04M41.00S,04:41,Q1 04:41,39.31666666666667,105,substitution,SUB in: S. Aldama,[],Aldama,14,19,,False,False,1630583,,substitution,substitution,,,,1628369|1628401|1628464|1629633|1629723|1630214|1630533|1630583|201143|203935,1629633|1629723|1630214|1630533|1630583,1628369|1628401|1628464|201143|203935,,,1610612763.0,22101223
1,PT04M41.00S,04:41,Q1 04:41,39.31666666666667,106,substitution,SUB out: A. Horford,[],Horford,14,19,,False,False,201143,,substitution,substitution,,,,1628369|1628401|1628464|1629633|1629723|1630214|1630533|1630583|203935,1628369|1628401|1628464|203935,1629633|1629723|1630214|1630533|1630583,,,1610612738.0,22101223
1,PT04M41.00S,04:41,Q1 04:41,39.31666666666667,107,substitution,SUB in: G. Williams,[],Williams,14,19,,False,False,1629684,,substitution,foul,,,,1628369|1628401|1628464|1629633|1629684|1629723|1630214|1630533|1630583|203935,1628369|1628401|1628464|1629684|203935,1629633|1629723|1630214|1630533|1630583,,,1610612738.0,22101223
1,PT04M28.00S,04:28,Q1 04:28,39.53333333333333,109,foul,M. Smart personal FOUL (1 PF),[],Smart,14,20,,False,False,203935,,substitution,2pt missed,1629633.0,,,1628369|1628401|1628464|1629633|1629684|1629723|1630214|1630533|1630583|203935,1628369|1628401|1628464|1629684|203935,1629633|1629723|1630214|1630533|1630583,,,1610612738.0,22101223
1,PT04M24.00S,04:24,Q1 04:24,39.6,111,2pt,MISS X. Tillman 7' turnaround Hook,['pointsinthepaint'],Tillman,14,20,Missed,True,False,1630214,,foul,rebound,,,,1628369|1628401|1628464|1629633|1629684|1629723|1630214|1630533|1630583|203935,1629633|1629723|1630214|1630533|1630583,1628369|1628401|1628464|1629684|203935,-16.0,78.0,1610612763.0,22101223
1,PT04M21.00S,04:21,Q1 04:21,39.65,112,rebound,D. Theis REBOUND (Off:1 Def:4),[],Theis,14,20,,False,False,1628464,,2pt missed,3pt made,,,,1628369|1628401|1628464|1629633|1629684|1629723|1630214|1630533|1630583|203935,1628369|1628401|1628464|1629684|203935,1629633|1629723|1630214|1630533|1630583,,,1610612738.0,22101223
1,PT04M15.00S,04:15,Q1 04:15,39.75,113,3pt,J. Tatum 24' 3PT pullup (14 PTS),[],Tatum,14,23,Made,True,False,1628369,,rebound,2pt missed,,,,1628369|1628401|1628464|1629633|1629684|1629723|1630214|1630533|1630583|203935,1628369|1628401|1628464|1629684|203935,1629633|1629723|1630214|1630533|1630583,-146.0,195.0,1610612738.0,22101223
1,PT04M04.00S,04:04,Q1 04:04,39.93333333333333,114,2pt,MISS Z. Williams 17' pullup Shot,[],Williams,14,23,Missed,True,False,1630533,,3pt made,rebound,,,,1628369|1628401|1628464|1629633|1629684|1629723|1630214|1630533|1630583|203935,1629633|1629723|1630214|1630533|1630583,1628369|1628401|1628464|1629684|203935,58.0,165.0,1610612763.0,22101223
1,PT04M01.00S,04:01,Q1 04:01,39.983333333333334,115,rebound,J. Konchar REBOUND (Off:1 Def:0),[],Konchar,14,23,,False,False,1629723,,2pt missed,substitution,,,,1628369|1628401|1628464|1629633|1629684|1629723|1630214|1630533|1630583|203935,1629633|1629723|1630214|1630533|1630583,1628369|1628401|1628464|1629684|203935,,,1610612763.0,22101223
1,PT04M01.00S,04:01,Q1 04:01,39.983333333333334,117,substitution,SUB out: X. Tillman,[],Tillman,14,23,,False,False,1630214,,rebound,substitution,,,,1628369|1628401|1628464|1629633|1629684|1629723|1630533|1630583|203935,1629633|1629723|1630533|1630583,1628369|1628401|1628464|1629684|203935,,,1610612763.0,22101223
1,PT04M01.00S,04:01,Q1 04:01,39.983333333333334,118,substitution,SUB in: Y. Pons,[],Pons,14,23,,False,False,1630582,,substitution,3pt made,,,,1628369|1628401|1628464|1629633|1629684|1629723|1630533|1630582|1630583|203935,1629633|1629723|1630533|1630582|1630583,1628369|1628401|1628464|1629684|203935,,,1610612763.0,22101223
1,PT03M59.00S,03:59,Q1 03:59,38.016666666666666,120,3pt,S. Aldama 26' 3PT  (3 PTS) (J. Konchar 3 AST),['2ndchance'],Aldama,17,23,Made,True,True,1630583,1629723.0,substitution,2pt made,,,,1628369|1628401|1628464|1629633|1629684|1629723|1630533|1630582|1630583|203935,1629633|1629723|1630533|1630582|1630583,1628369|1628401|1628464|1629684|203935,-50.0,259.0,1610612763.0,22101223
1,PT03M35.00S,03:35,Q1 03:35,38.416666666666664,122,2pt,D. White 8' driving floating Jump Shot (2 PTS),['pointsinthepaint'],White,17,25,Made,True,False,1628401,,3pt made,2pt missed,,,,1628369|1628401|1628464|1629633|1629684|1629723|1630533|1630582|1630583|203935,1628369|1628401|1628464|1629684|203935,1629633|1629723|1630533|1630582|1630583,36.0,73.0,1610612738.0,22101223
1,PT03M16.00S,03:16,Q1 03:16,38.733333333333334,123,2pt,MISS Z. Williams 16' step back Shot - blocked,[],Williams,17,25,Missed,True,False,1630533,,2pt made,block,,,1629684.0,1628369|1628401|1628464|1629633|1629684|1629723|1630533|1630582|1630583|203935,1629633|1629723|1630533|1630582|1630583,1628369|1628401|1628464|1629684|203935,-59.0,155.0,1610612763.0,22101223
1,PT03M16.00S,03:16,Q1 03:16,38.733333333333334,124,block,G. Williams BLOCK (1 BLK),[],Williams,17,25,,False,False,1629684,,2pt missed,rebound,,,,1628369|1628401|1628464|1629633|1629684|1629723|1630533|1630582|1630583|203935,1628369|1628401|1628464|1629684|203935,1629633|1629723|1630533|1630582|1630583,,,1610612738.0,22101223
1,PT03M13.00S,03:13,Q1 03:13,38.78333333333333,125,rebound,G. Williams REBOUND (Off:0 Def:1),[],Williams,17,25,,False,False,1629684,,block,3pt missed,,,,1628369|1628401|1628464|1629633|1629684|1629723|1630533|1630582|1630583|203935,1628369|1628401|1628464|1629684|203935,1629633|1629723|1630533|1630582|1630583,,,1610612738.0,22101223
1,PT02M54.00S,02:54,Q1 02:54,37.1,126,3pt,MISS G. Williams 3PT,[],Williams,17,25,Missed,True,False,1629684,,rebound,rebound,,,,1628369|1628401|1628464|1629633|1629684|1629723|1630533|1630582|1630583|203935,1628369|1628401|1628464|1629684|203935,1629633|1629723|1630533|1630582|1630583,229.0,6.0,1610612738.0,22101223
1,PT02M52.00S,02:52,Q1 02:52,37.13333333333333,127,rebound,D. Theis REBOUND (Off:2 Def:4),[],Theis,17,25,,False,False,1628464,,3pt missed,2pt made,,,,1628369|1628401|1628464|1629633|1629684|1629723|1630533|1630582|1630583|203935,1628369|1628401|1628464|1629684|203935,1629633|1629723|1630533|1630582|1630583,,,1610612738.0,22101223
1,PT02M52.00S,02:52,Q1 02:52,37.13333333333333,128,2pt,D. Theis putback Layup (4 PTS),"['pointsinthepaint', '2ndchance']",Theis,17,27,Made,True,False,1628464,,rebound,timeout,,,,1628369|1628401|1628464|1629633|1629684|1629723|1630533|1630582|1630583|203935,1628369|1628401|1628464|1629684|203935,1629633|1629723|1630533|1630582|1630583,0.0,0.0,1610612738.0,22101223
1,PT02M52.00S,02:52,Q1 02:52,37.13333333333333,129,timeout,MEM Timeout,"['team', 'mandatory']",,17,27,,False,False,0,,2pt made,substitution,,,,1628369|1628401|1628464|1629633|1629684|1629723|1630533|1630582|1630583|203935,1629633|1629723|1630533|1630582|1630583,1628369|1628401|1628464|1629684|203935,,,1610612763.0,22101223
1,PT02M52.00S,02:52,Q1 02:52,37.13333333333333,130,substitution,SUB out: J. Tatum,[],Tatum,17,27,,False,False,1628369,,timeout,substitution,,,,1628401|1628464|1629633|1629684|1629723|1630533|1630582|1630583|203935,1628401|1628464|1629684|203935,1629633|1629723|1630533|1630582|1630583,,,1610612738.0,22101223
1,PT02M52.00S,02:52,Q1 02:52,37.13333333333333,131,substitution,SUB in: A. Nesmith,[],Nesmith,17,27,,False,False,1630174,,substitution,2pt made,,,,1628401|1628464|1629633|1629684|1629723|1630174|1630533|1630582|1630583|203935,1628401|1628464|1629684|1630174|203935,1629633|1629723|1630533|1630582|1630583,,,1610612738.0,22101223
1,PT02M33.00S,02:33,Q1 02:33,37.45,132,2pt,J. Konchar cutting DUNK (4 PTS) (S. Aldama 1 AST),['pointsinthepaint'],Konchar,19,27,Made,True,True,1629723,1630583.0,substitution,foul,,,,1628401|1628464|1629633|1629684|1629723|1630174|1630533|1630582|1630583|203935,1629633|1629723|1630533|1630582|1630583,1628401|1628464|1629684|1630174|203935,-18.0,21.0,1610612763.0,22101223
1,PT02M20.00S,02:20,Q1 02:20,37.666666666666664,134,foul,Y. Pons personal FOUL (1 PF),[],Pons,19,27,,False,False,1630582,,2pt made,3pt missed,1628401.0,,,1628401|1628464|1629633|1629684|1629723|1630174|1630533|1630582|1630583|203935,1629633|1629723|1630533|1630582|1630583,1628401|1628464|1629684|1630174|203935,,,1610612763.0,22101223
1,PT02M08.00S,02:08,Q1 02:08,37.86666666666667,136,3pt,MISS G. Williams 25' 3PT,[],Williams,19,27,Missed,True,False,1629684,,foul,rebound,,,,1628401|1628464|1629633|1629684|1629723|1630174|1630533|1630582|1630583|203935,1628401|1628464|1629684|1630174|203935,1629633|1629723|1630533|1630582|1630583,170.0,190.0,1610612738.0,22101223
1,PT02M02.00S,02:02,Q1 02:02,37.96666666666667,137,rebound,D. Theis REBOUND (Off:3 Def:4),[],Theis,19,27,,False,False,1628464,,3pt missed,3pt missed,,,,1628401|1628464|1629633|1629684|1629723|1630174|1630533|1630582|1630583|203935,1628401|1628464|1629684|1630174|203935,1629633|1629723|1630533|1630582|1630583,,,1610612738.0,22101223
1,PT02M01.00S,02:01,Q1 02:01,37.983333333333334,138,3pt,MISS M. Smart 24' pullup 3PT,['2ndchance'],Smart,19,27,Missed,True,False,203935,,rebound,rebound,,,,1628401|1628464|1629633|1629684|1629723|1630174|1630533|1630582|1630583|203935,1628401|1628464|1629684|1630174|203935,1629633|1629723|1630533|1630582|1630583,-20.0,243.0,1610612738.0,22101223
1,PT01M57.00S,01:57,Q1 01:57,36.05,139,rebound,J. Konchar REBOUND (Off:1 Def:1),[],Konchar,19,27,,False,False,1629723,,3pt missed,foul,,,,1628401|1628464|1629633|1629684|1629723|1630174|1630533|1630582|1630583|203935,1629633|1629723|1630533|1630582|1630583,1628401|1628464|1629684|1630174|203935,,,1610612763.0,22101223
1,PT01M47.00S,01:47,Q1 01:47,36.21666666666667,140,foul,A. Nesmith shooting personal FOUL (1 PF) (Konchar 2 FT),['2freethrow'],Nesmith,19,27,,False,False,1630174,,rebound,freethrow,1629723.0,,,1628401|1628464|1629633|1629684|1629723|1630174|1630533|1630582|1630583|203935,1628401|1628464|1629684|1630174|203935,1629633|1629723|1630533|1630582|1630583,,,1610612738.0,22101223
1,PT01M47.00S,01:47,Q1 01:47,36.21666666666667,142,freethrow,J. Konchar Free Throw 1 of 2 (5 PTS),[],Konchar,20,27,Made,False,False,1629723,,foul,freethrow,,,,1628401|1628464|1629633|1629684|1629723|1630174|1630533|1630582|1630583|203935,1629633|1629723|1630533|1630582|1630583,1628401|1628464|1629684|1630174|203935,,,1610612763.0,22101223
1,PT01M47.00S,01:47,Q1 01:47,36.21666666666667,149,freethrow,J. Konchar Free Throw 2 of 2 (6 PTS),[],Konchar,21,27,Made,False,False,1629723,,freethrow,substitution,,,,1628401|1628464|1629633|1629684|1629723|1630174|1630533|1630582|1630583|203935,1629633|1629723|1630533|1630582|1630583,1628401|1628464|1629684|1630174|203935,,,1610612763.0,22101223
1,PT01M47.00S,01:47,Q1 01:47,36.21666666666667,143,substitution,SUB out: Z. Williams,[],Williams,20,27,,False,False,1630533,,freethrow,substitution,,,,1628401|1628464|1629633|1629684|1629723|1630174|1630582|1630583|203935,1629633|1629723|1630582|1630583,1628401|1628464|1629684|1630174|203935,,,1610612763.0,22101223
1,PT01M47.00S,01:47,Q1 01:47,36.21666666666667,144,substitution,SUB out: D. Theis,[],Theis,20,27,,False,False,1628464,,substitution,substitution,,,,1628401|1629633|1629684|1629723|1630174|1630582|1630583|203935,1628401|1629684|1630174|203935,1629633|1629723|1630582|1630583,,,1610612738.0,22101223
1,PT01M47.00S,01:47,Q1 01:47,36.21666666666667,145,substitution,SUB out: M. Smart,[],Smart,20,27,,False,False,203935,,substitution,substitution,,,,1628401|1629633|1629684|1629723|1630174|1630582|1630583,1628401|1629684|1630174,1629633|1629723|1630582|1630583,,,1610612738.0,22101223
1,PT01M47.00S,01:47,Q1 01:47,36.21666666666667,146,substitution,SUB in: K. Anderson,[],Anderson,20,27,,False,False,203937,,substitution,substitution,,,,1628401|1629633|1629684|1629723|1630174|1630582|1630583|203937,1629633|1629723|1630582|1630583|203937,1628401|1629684|1630174,,,1610612763.0,22101223
1,PT01M47.00S,01:47,Q1 01:47,36.21666666666667,147,substitution,SUB in: P. Pritchard,[],Pritchard,20,27,,False,False,1630202,,substitution,substitution,,,,1628401|1629633|1629684|1629723|1630174|1630202|1630582|1630583|203937,1628401|1629684|1630174|1630202,1629633|1629723|1630582|1630583|203937,,,1610612738.0,22101223
1,PT01M47.00S,01:47,Q1 01:47,36.21666666666667,148,substitution,SUB in: A. Horford,[],Horford,20,27,,False,False,201143,,substitution,3pt made,,,,1628401|1629633|1629684|1629723|1630174|1630202|1630582|1630583|201143|203937,1628401|1629684|1630174|1630202|201143,1629633|1629723|1630582|1630583|203937,,,1610612738.0,22101223
1,PT01M29.00S,01:29,Q1 01:29,36.516666666666666,150,3pt,P. Pritchard 24' 3PT  (3 PTS) (G. Williams 1 AST),[],Pritchard,21,30,Made,True,True,1630202,1629684.0,substitution,3pt missed,,,,1628401|1629633|1629684|1629723|1630174|1630202|1630582|1630583|201143|203937,1628401|1629684|1630174|1630202|201143,1629633|1629723|1630582|1630583|203937,-167.0,182.0,1610612738.0,22101223
1,PT01M14.00S,01:14,Q1 01:14,36.766666666666666,152,3pt,MISS Y. Pons 3PT,[],Pons,21,30,Missed,True,False,1630582,,3pt made,rebound,,,,1628401|1629633|1629684|1629723|1630174|1630202|1630582|1630583|201143|203937,1629633|1629723|1630582|1630583|203937,1628401|1629684|1630174|1630202|201143,221.0,48.0,1610612763.0,22101223
1,PT01M11.00S,01:11,Q1 01:11,36.81666666666667,153,rebound,A. Nesmith REBOUND (Off:0 Def:1),[],Nesmith,21,30,,False,False,1630174,,3pt missed,3pt missed,,,,1628401|1629633|1629684|1629723|1630174|1630202|1630582|1630583|201143|203937,1628401|1629684|1630174|1630202|201143,1629633|1629723|1630582|1630583|203937,,,1610612738.0,22101223
1,PT01M03.00S,01:03,Q1 01:03,36.95,154,3pt,MISS P. Pritchard 25' 3PT,[],Pritchard,21,30,Missed,True,False,1630202,,rebound,rebound,,,,1628401|1629633|1629684|1629723|1630174|1630202|1630582|1630583|201143|203937,1628401|1629684|1630174|1630202|201143,1629633|1629723|1630582|1630583|203937,18.0,252.0,1610612738.0,22101223
1,PT01M00.00S,01:00,Q1 01:00,37.0,155,rebound,Y. Pons REBOUND (Off:0 Def:1),[],Pons,21,30,,False,False,1630582,,3pt missed,2pt made,,,,1628401|1629633|1629684|1629723|1630174|1630202|1630582|1630583|201143|203937,1629633|1629723|1630582|1630583|203937,1628401|1629684|1630174|1630202|201143,,,1610612763.0,22101223
1,PT00M49.80S,00:49,Q1 00:49,35.18333333333333,156,2pt,K. Anderson 6' turnaround Hook (8 PTS) (J. Konchar 4 AST),['pointsinthepaint'],Anderson,23,30,Made,True,True,203937,1629723.0,rebound,2pt made,,,,1628401|1629633|1629684|1629723|1630174|1630202|1630582|1630583|201143|203937,1629633|1629723|1630582|1630583|203937,1628401|1629684|1630174|1630202|201143,42.0,48.0,1610612763.0,22101223
1,PT00M38.60S,00:38,Q1 00:38,35.36666666666667,158,2pt,A. Horford turnaround bank Hook (4 PTS) (D. White 2 AST),['pointsinthepaint'],Horford,23,32,Made,True,True,201143,1628401.0,2pt made,2pt missed,,,,1628401|1629633|1629684|1629723|1630174|1630202|1630582|1630583|201143|203937,1628401|1629684|1630174|1630202|201143,1629633|1629723|1630582|1630583|203937,44.0,16.0,1610612738.0,22101223
1,PT00M32.50S,00:32,Q1 00:32,35.46666666666667,160,2pt,MISS J. Culver 8' driving floating Shot,['pointsinthepaint'],Culver,23,32,Missed,True,False,1629633,,2pt made,rebound,,,,1628401|1629633|1629684|1629723|1630174|1630202|1630582|1630583|201143|203937,1629633|1629723|1630582|1630583|203937,1628401|1629684|1630174|1630202|201143,-62.0,63.0,1610612763.0,22101223
1,PT00M30.10S,00:30,Q1 00:30,35.5,161,rebound,S. Aldama REBOUND (Off:1 Def:0),[],Aldama,23,32,,False,False,1630583,,2pt missed,2pt missed,,,,1628401|1629633|1629684|1629723|1630174|1630202|1630582|1630583|201143|203937,1629633|1629723|1630582|1630583|203937,1628401|1629684|1630174|1630202|201143,,,1610612763.0,22101223
1,PT00M30.10S,00:30,Q1 00:30,35.5,162,2pt,MISS S. Aldama tip Layup,"['2ndchance', 'pointsinthepaint']",Aldama,23,32,Missed,True,False,1630583,,rebound,rebound,,,,1628401|1629633|1629684|1629723|1630174|1630202|1630582|1630583|201143|203937,1629633|1629723|1630582|1630583|203937,1628401|1629684|1630174|1630202|201143,0.0,0.0,1610612763.0,22101223
1,PT00M30.10S,00:30,Q1 00:30,35.5,163,rebound,S. Aldama REBOUND (Off:2 Def:0),[],Aldama,23,32,,False,False,1630583,,2pt missed,2pt made,,,,1628401|1629633|1629684|1629723|1630174|1630202|1630582|1630583|201143|203937,1629633|1629723|1630582|1630583|203937,1628401|1629684|1630174|1630202|201143,,,1610612763.0,22101223
1,PT00M30.10S,00:30,Q1 00:30,35.5,164,2pt,S. Aldama tip Layup (5 PTS),"['pointsinthepaint', '2ndchance']",Aldama,25,32,Made,True,False,1630583,,rebound,3pt missed,,,,1628401|1629633|1629684|1629723|1630174|1630202|1630582|1630583|201143|203937,1629633|1629723|1630582|1630583|203937,1628401|1629684|1630174|1630202|201143,0.0,0.0,1610612763.0,22101223
1,PT00M10.00S,00:10,Q1 00:10,35.833333333333336,165,3pt,MISS P. Pritchard 24' 3PT,[],Pritchard,25,32,Missed,True,False,1630202,,2pt made,rebound,,,,1628401|1629633|1629684|1629723|1630174|1630202|1630582|1630583|201143|203937,1628401|1629684|1630174|1630202|201143,1629633|1629723|1630582|1630583|203937,-138.0,208.0,1610612738.0,22101223
1,PT00M06.40S,00:06,Q1 00:06,35.9,166,rebound,Y. Pons REBOUND (Off:0 Def:2),[],Pons,25,32,,False,False,1630582,,3pt missed,substitution,,,,1628401|1629633|1629684|1629723|1630174|1630202|1630582|1630583|201143|203937,1629633|1629723|1630582|1630583|203937,1628401|1629684|1630174|1630202|201143,,,1610612763.0,22101223
2,PT12M00.00S,12:00,Q2 12:00,36.0,168,substitution,SUB out: J. Konchar,['startperiod'],Konchar,25,32,,False,False,1629723,,rebound,substitution,,,,1628401|1629633|1629684|1630174|1630202|1630582|1630583|201143|203937,1629633|1630582|1630583|203937,1628401|1629684|1630174|1630202|201143,,,1610612763.0,22101223
2,PT12M00.00S,12:00,Q2 12:00,36.0,169,substitution,SUB out: D. White,['startperiod'],White,25,32,,False,False,1628401,,substitution,substitution,,,,1629633|1629684|1630174|1630202|1630582|1630583|201143|203937,1629684|1630174|1630202|201143,1629633|1630582|1630583|203937,,,1610612738.0,22101223
2,PT12M00.00S,12:00,Q2 12:00,36.0,170,substitution,SUB in: D. Melton,['startperiod'],Melton,25,32,,False,False,1629001,,substitution,substitution,,,,1629001|1629633|1629684|1630174|1630202|1630582|1630583|201143|203937,1629001|1629633|1630582|1630583|203937,1629684|1630174|1630202|201143,,,1610612763.0,22101223
2,PT12M00.00S,12:00,Q2 12:00,36.0,171,substitution,SUB in: J. Brown,['startperiod'],Brown,25,32,,False,False,1627759,,substitution,2pt missed,,,,1627759|1629001|1629633|1629684|1630174|1630202|1630582|1630583|201143|203937,1627759|1629684|1630174|1630202|201143,1629001|1629633|1630582|1630583|203937,,,1610612738.0,22101223
2,PT11M52.00S,11:52,Q2 11:52,34.13333333333333,173,2pt,MISS Y. Pons driving floating Shot,['pointsinthepaint'],Pons,25,32,Missed,True,False,1630582,,substitution,rebound,,,,1627759|1629001|1629633|1629684|1630174|1630202|1630582|1630583|201143|203937,1629001|1629633|1630582|1630583|203937,1627759|1629684|1630174|1630202|201143,47.0,33.0,1610612763.0,22101223
2,PT11M50.00S,11:50,Q2 11:50,34.166666666666664,174,rebound,A. Nesmith REBOUND (Off:0 Def:2),[],Nesmith,25,32,,False,False,1630174,,2pt missed,turnover,,,,1627759|1629001|1629633|1629684|1630174|1630202|1630582|1630583|201143|203937,1627759|1629684|1630174|1630202|201143,1629001|1629633|1630582|1630583|203937,,,1610612738.0,22101223
2,PT11M41.00S,11:41,Q2 11:41,34.31666666666667,175,turnover,G. Williams bad pass TURNOVER (1 TO),[],Williams,25,32,,False,False,1629684,,rebound,steal,,1630583.0,,1627759|1629001|1629633|1629684|1630174|1630202|1630582|1630583|201143|203937,1627759|1629684|1630174|1630202|201143,1629001|1629633|1630582|1630583|203937,,,1610612738.0,22101223
2,PT11M41.00S,11:41,Q2 11:41,34.31666666666667,176,steal,S. Aldama STEAL (1 STL),[],Aldama,25,32,,False,False,1630583,,turnover,2pt missed,,,,1627759|1629001|1629633|1629684|1630174|1630202|1630582|1630583|201143|203937,1629001|1629633|1630582|1630583|203937,1627759|1629684|1630174|1630202|201143,,,1610612763.0,22101223
2,PT11M32.00S,11:32,Q2 11:32,34.46666666666667,177,2pt,MISS J. Culver 6' driving floating Shot,"['pointsinthepaint', 'fromturnover']",Culver,25,32,Missed,True,False,1629633,,steal,rebound,,,,1627759|1629001|1629633|1629684|1630174|1630202|1630582|1630583|201143|203937,1629001|1629633|1630582|1630583|203937,1627759|1629684|1630174|1630202|201143,-37.0,49.0,1610612763.0,22101223
2,PT11M28.00S,11:28,Q2 11:28,34.53333333333333,178,rebound,S. Aldama REBOUND (Off:3 Def:0),[],Aldama,25,32,,False,False,1630583,,2pt missed,2pt missed,,,,1627759|1629001|1629633|1629684|1630174|1630202|1630582|1630583|201143|203937,1629001|1629633|1630582|1630583|203937,1627759|1629684|1630174|1630202|201143,,,1610612763.0,22101223
2,PT11M28.00S,11:28,Q2 11:28,34.53333333333333,179,2pt,MISS S. Aldama tip Layup,"['pointsinthepaint', 'fromturnover', '2ndchance']",Aldama,25,32,Missed,True,False,1630583,,rebound,rebound,,,,1627759|1629001|1629633|1629684|1630174|1630202|1630582|1630583|201143|203937,1629001|1629633|1630582|1630583|203937,1627759|1629684|1630174|1630202|201143,0.0,0.0,1610612763.0,22101223
2,PT11M27.00S,11:27,Q2 11:27,34.55,180,rebound,P. Pritchard REBOUND (Off:0 Def:1),[],Pritchard,25,32,,False,False,1630202,,2pt missed,2pt made,,,,1627759|1629001|1629633|1629684|1630174|1630202|1630582|1630583|201143|203937,1627759|1629684|1630174|1630202|201143,1629001|1629633|1630582|1630583|203937,,,1610612738.0,22101223
2,PT11M21.00S,11:21,Q2 11:21,34.65,181,2pt,A. Horford floating Jump Shot (6 PTS) (J. Brown 1 AST),"['pointsinthepaint', 'defensivegoaltending']",Horford,25,34,Made,True,True,201143,1627759.0,rebound,turnover,,,,1627759|1629001|1629633|1629684|1630174|1630202|1630582|1630583|201143|203937,1627759|1629684|1630174|1630202|201143,1629001|1629633|1630582|1630583|203937,-15.0,32.0,1610612738.0,22101223
2,PT11M08.00S,11:08,Q2 11:08,34.86666666666667,184,turnover,S. Aldama bad pass TURNOVER (1 TO),[],Aldama,25,34,,False,False,1630583,,2pt made,steal,,1630202.0,,1627759|1629001|1629633|1629684|1630174|1630202|1630582|1630583|201143|203937,1629001|1629633|1630582|1630583|203937,1627759|1629684|1630174|1630202|201143,,,1610612763.0,22101223
2,PT11M08.00S,11:08,Q2 11:08,34.86666666666667,185,steal,P. Pritchard STEAL (1 STL),[],Pritchard,25,34,,False,False,1630202,,turnover,turnover,,,,1627759|1629001|1629633|1629684|1630174|1630202|1630582|1630583|201143|203937,1627759|1629684|1630174|1630202|201143,1629001|1629633|1630582|1630583|203937,,,1610612738.0,22101223
2,PT11M04.00S,11:04,Q2 11:04,34.93333333333333,186,turnover,J. Brown lost ball out-of-bounds TURNOVER (2 TO),[],Brown,25,34,,False,False,1627759,,steal,foul,,,,1627759|1629001|1629633|1629684|1630174|1630202|1630582|1630583|201143|203937,1627759|1629684|1630174|1630202|201143,1629001|1629633|1630582|1630583|203937,,,1610612738.0,22101223
2,PT10M49.00S,10:49,Q2 10:49,33.18333333333333,187,foul,G. Williams shooting personal FOUL (1 PF) (Anderson 2 FT),['2freethrow'],Williams,25,34,,False,False,1629684,,turnover,freethrow,203937.0,,,1627759|1629001|1629633|1629684|1630174|1630202|1630582|1630583|201143|203937,1627759|1629684|1630174|1630202|201143,1629001|1629633|1630582|1630583|203937,,,1610612738.0,22101223
2,PT10M49.00S,10:49,Q2 10:49,33.18333333333333,189,freethrow,K. Anderson Free Throw 1 of 2 (9 PTS),['fromturnover'],Anderson,26,34,Made,False,False,203937,,foul,freethrow,,,,1627759|1629001|1629633|1629684|1630174|1630202|1630582|1630583|201143|203937,1629001|1629633|1630582|1630583|203937,1627759|1629684|1630174|1630202|201143,,,1610612763.0,22101223
2,PT10M49.00S,10:49,Q2 10:49,33.18333333333333,190,freethrow,K. Anderson Free Throw 2 of 2 (10 PTS),['fromturnover'],Anderson,27,34,Made,False,False,203937,,freethrow,3pt missed,,,,1627759|1629001|1629633|1629684|1630174|1630202|1630582|1630583|201143|203937,1629001|1629633|1630582|1630583|203937,1627759|1629684|1630174|1630202|201143,,,1610612763.0,22101223
2,PT10M36.00S,10:36,Q2 10:36,33.4,191,3pt,MISS A. Nesmith 24' 3PT,[],Nesmith,27,34,Missed,True,False,1630174,,freethrow,rebound,,,,1627759|1629001|1629633|1629684|1630174|1630202|1630582|1630583|201143|203937,1627759|1629684|1630174|1630202|201143,1629001|1629633|1630582|1630583|203937,170.0,178.0,1610612738.0,22101223
2,PT10M33.00S,10:33,Q2 10:33,33.45,192,rebound,D. Melton REBOUND (Off:1 Def:1),[],Melton,27,34,,False,False,1629001,,3pt missed,foul,,,,1627759|1629001|1629633|1629684|1630174|1630202|1630582|1630583|201143|203937,1629001|1629633|1630582|1630583|203937,1627759|1629684|1630174|1630202|201143,,,1610612763.0,22101223
2,PT10M29.00S,10:29,Q2 10:29,33.516666666666666,193,foul,A. Nesmith shooting personal FOUL (2 PF) (Melton 2 FT),['2freethrow'],Nesmith,27,34,,False,False,1630174,,rebound,freethrow,1629001.0,,,1627759|1629001|1629633|1629684|1630174|1630202|1630582|1630583|201143|203937,1627759|1629684|1630174|1630202|201143,1629001|1629633|1630582|1630583|203937,,,1610612738.0,22101223
2,PT10M29.00S,10:29,Q2 10:29,33.516666666666666,195,freethrow,MISS D. Melton Free Throw 1 of 2,[],Melton,27,34,Missed,False,False,1629001,,foul,rebound,,,,1627759|1629001|1629633|1629684|1630174|1630202|1630582|1630583|201143|203937,1629001|1629633|1630582|1630583|203937,1627759|1629684|1630174|1630202|201143,,,1610612763.0,22101223
2,PT10M29.00S,10:29,Q2 10:29,33.516666666666666,196,rebound,TEAM offensive REBOUND,"['deadball', 'team']",,27,34,,False,False,0,,freethrow,freethrow,,,,1627759|1629001|1629633|1629684|1630174|1630202|1630582|1630583|201143|203937,1629001|1629633|1630582|1630583|203937,1627759|1629684|1630174|1630202|201143,,,1610612763.0,22101223
2,PT10M29.00S,10:29,Q2 10:29,33.516666666666666,197,freethrow,D. Melton Free Throw 2 of 2 (4 PTS),[],Melton,28,34,Made,False,False,1629001,,rebound,2pt missed,,,,1627759|1629001|1629633|1629684|1630174|1630202|1630582|1630583|201143|203937,1629001|1629633|1630582|1630583|203937,1627759|1629684|1630174|1630202|201143,,,1610612763.0,22101223
2,PT10M21.00S,10:21,Q2 10:21,33.65,198,2pt,MISS A. Horford cutting finger roll Layup - blocked,['pointsinthepaint'],Horford,28,34,Missed,True,False,201143,,freethrow,block,,,1630582.0,1627759|1629001|1629633|1629684|1630174|1630202|1630582|1630583|201143|203937,1627759|1629684|1630174|1630202|201143,1629001|1629633|1630582|1630583|203937,33.0,10.0,1610612738.0,22101223
2,PT10M21.00S,10:21,Q2 10:21,33.65,199,block,Y. Pons BLOCK (1 BLK),[],Pons,28,34,,False,False,1630582,,2pt missed,rebound,,,,1627759|1629001|1629633|1629684|1630174|1630202|1630582|1630583|201143|203937,1629001|1629633|1630582|1630583|203937,1627759|1629684|1630174|1630202|201143,,,1610612763.0,22101223
2,PT10M21.00S,10:21,Q2 10:21,33.65,200,rebound,TEAM offensive REBOUND,['team'],,28,34,,False,False,0,,block,2pt missed,,,,1627759|1629001|1629633|1629684|1630174|1630202|1630582|1630583|201143|203937,1627759|1629684|1630174|1630202|201143,1629001|1629633|1630582|1630583|203937,,,1610612738.0,22101223
2,PT10M10.00S,10:10,Q2 10:10,33.833333333333336,202,2pt,MISS J. Brown 20' step back Shot,['2ndchance'],Brown,28,34,Missed,True,False,1627759,,rebound,rebound,,,,1627759|1629001|1629633|1629684|1630174|1630202|1630582|1630583|201143|203937,1627759|1629684|1630174|1630202|201143,1629001|1629633|1630582|1630583|203937,115.0,174.0,1610612738.0,22101223
2,PT10M08.00S,10:08,Q2 10:08,33.86666666666667,203,rebound,K. Anderson REBOUND (Off:1 Def:2),[],Anderson,28,34,,False,False,203937,,2pt missed,3pt made,,,,1627759|1629001|1629633|1629684|1630174|1630202|1630582|1630583|201143|203937,1629001|1629633|1630582|1630583|203937,1627759|1629684|1630174|1630202|201143,,,1610612763.0,22101223
2,PT10M02.00S,10:02,Q2 10:02,33.96666666666667,204,3pt,D. Melton 25' 3PT running pullup (7 PTS) (K. Anderson 2 AST),['fastbreak'],Melton,31,34,Made,True,True,1629001,203937.0,rebound,2pt made,,,,1627759|1629001|1629633|1629684|1630174|1630202|1630582|1630583|201143|203937,1629001|1629633|1630582|1630583|203937,1627759|1629684|1630174|1630202|201143,136.0,216.0,1610612763.0,22101223
2,PT09M40.00S,09:40,Q2 09:40,32.333333333333336,206,2pt,A. Horford 7' turnaround Hook (8 PTS),['pointsinthepaint'],Horford,31,36,Made,True,False,201143,,3pt made,foul,,,,1627759|1629001|1629633|1629684|1630174|1630202|1630582|1630583|201143|203937,1627759|1629684|1630174|1630202|201143,1629001|1629633|1630582|1630583|203937,28.0,66.0,1610612738.0,22101223
2,PT09M31.00S,09:31,Q2 09:31,32.483333333333334,207,foul,A. Nesmith shooting personal FOUL (3 PF) (Culver 2 FT),['2freethrow'],Nesmith,31,36,,False,False,1630174,,2pt made,freethrow,1629633.0,,,1627759|1629001|1629633|1629684|1630174|1630202|1630582|1630583|201143|203937,1627759|1629684|1630174|1630202|201143,1629001|1629633|1630582|1630583|203937,,,1610612738.0,22101223
2,PT09M31.00S,09:31,Q2 09:31,32.483333333333334,209,freethrow,MISS J. Culver Free Throw 1 of 2,[],Culver,31,36,Missed,False,False,1629633,,foul,rebound,,,,1627759|1629001|1629633|1629684|1630174|1630202|1630582|1630583|201143|203937,1629001|1629633|1630582|1630583|203937,1627759|1629684|1630174|1630202|201143,,,1610612763.0,22101223
2,PT09M31.00S,09:31,Q2 09:31,32.483333333333334,210,rebound,TEAM offensive REBOUND,"['deadball', 'team']",,31,36,,False,False,0,,freethrow,freethrow,,,,1627759|1629001|1629633|1629684|1630174|1630202|1630582|1630583|201143|203937,1629001|1629633|1630582|1630583|203937,1627759|1629684|1630174|1630202|201143,,,1610612763.0,22101223
2,PT09M31.00S,09:31,Q2 09:31,32.483333333333334,215,freethrow,MISS J. Culver Free Throw 2 of 2,[],Culver,31,36,Missed,False,False,1629633,,rebound,substitution,,,,1627759|1629001|1629633|1629684|1630174|1630202|1630582|1630583|201143|203937,1629001|1629633|1630582|1630583|203937,1627759|1629684|1630174|1630202|201143,,,1610612763.0,22101223
2,PT09M31.00S,09:31,Q2 09:31,32.483333333333334,211,substitution,SUB out: G. Williams,[],Williams,31,36,,False,False,1629684,,freethrow,substitution,,,,1627759|1629001|1629633|1630174|1630202|1630582|1630583|201143|203937,1627759|1630174|1630202|201143,1629001|1629633|1630582|1630583|203937,,,1610612738.0,22101223
2,PT09M31.00S,09:31,Q2 09:31,32.483333333333334,212,substitution,SUB out: A. Nesmith,[],Nesmith,31,36,,False,False,1630174,,substitution,substitution,,,,1627759|1629001|1629633|1630202|1630582|1630583|201143|203937,1627759|1630202|201143,1629001|1629633|1630582|1630583|203937,,,1610612738.0,22101223
2,PT09M31.00S,09:31,Q2 09:31,32.483333333333334,213,substitution,SUB in: D. White,[],White,31,36,,False,False,1628401,,substitution,substitution,,,,1627759|1628401|1629001|1629633|1630202|1630582|1630583|201143|203937,1627759|1628401|1630202|201143,1629001|1629633|1630582|1630583|203937,,,1610612738.0,22101223
2,PT09M31.00S,09:31,Q2 09:31,32.483333333333334,214,substitution,SUB in: J. Tatum,[],Tatum,31,36,,False,False,1628369,,substitution,rebound,,,,1627759|1628369|1628401|1629001|1629633|1630202|1630582|1630583|201143|203937,1627759|1628369|1628401|1630202|201143,1629001|1629633|1630582|1630583|203937,,,1610612738.0,22101223
2,PT09M29.00S,09:29,Q2 09:29,32.516666666666666,216,rebound,J. Brown REBOUND (Off:0 Def:2),[],Brown,31,36,,False,False,1627759,,substitution,turnover,,,,1627759|1628369|1628401|1629001|1629633|1630202|1630582|1630583|201143|203937,1627759|1628369|1628401|1630202|201143,1629001|1629633|1630582|1630583|203937,,,1610612738.0,22101223
2,PT09M19.00S,09:19,Q2 09:19,32.68333333333333,217,turnover,J. Tatum lost ball TURNOVER (2 TO),[],Tatum,31,36,,False,False,1628369,,rebound,steal,,1629633.0,,1627759|1628369|1628401|1629001|1629633|1630202|1630582|1630583|201143|203937,1627759|1628369|1628401|1630202|201143,1629001|1629633|1630582|1630583|203937,,,1610612738.0,22101223
2,PT09M19.00S,09:19,Q2 09:19,32.68333333333333,218,steal,J. Culver STEAL (1 STL),[],Culver,31,36,,False,False,1629633,,turnover,foul,,,,1627759|1628369|1628401|1629001|1629633|1630202|1630582|1630583|201143|203937,1629001|1629633|1630582|1630583|203937,1627759|1628369|1628401|1630202|201143,,,1610612763.0,22101223
2,PT09M18.00S,09:18,Q2 09:18,32.7,219,foul,J. Culver offensive FOUL (2 PF),[],Culver,31,36,,False,False,1629633,,steal,turnover,1628369.0,,,1627759|1628369|1628401|1629001|1629633|1630202|1630582|1630583|201143|203937,1629001|1629633|1630582|1630583|203937,1627759|1628369|1628401|1630202|201143,,,1610612763.0,22101223
2,PT09M18.00S,09:18,Q2 09:18,32.7,221,turnover,J. Culver offensive foul TURNOVER (1 TO),[],Culver,31,36,,False,False,1629633,,foul,3pt made,,,,1627759|1628369|1628401|1629001|1629633|1630202|1630582|1630583|201143|203937,1629001|1629633|1630582|1630583|203937,1627759|1628369|1628401|1630202|201143,,,1610612763.0,22101223
2,PT09M02.00S,09:02,Q2 09:02,32.96666666666667,222,3pt,P. Pritchard 3PT  (6 PTS) (J. Brown 2 AST),['fromturnover'],Pritchard,31,39,Made,True,True,1630202,1627759.0,turnover,3pt missed,,,,1627759|1628369|1628401|1629001|1629633|1630202|1630582|1630583|201143|203937,1627759|1628369|1628401|1630202|201143,1629001|1629633|1630582|1630583|203937,-223.0,20.0,1610612738.0,22101223
2,PT08M43.00S,08:43,Q2 08:43,31.283333333333335,224,3pt,MISS D. Melton 24' pullup 3PT,[],Melton,31,39,Missed,True,False,1629001,,3pt made,rebound,,,,1627759|1628369|1628401|1629001|1629633|1630202|1630582|1630583|201143|203937,1629001|1629633|1630582|1630583|203937,1627759|1628369|1628401|1630202|201143,93.0,228.0,1610612763.0,22101223
2,PT08M43.00S,08:43,Q2 08:43,31.283333333333335,225,rebound,TEAM offensive REBOUND,['team'],,31,39,,False,False,0,,3pt missed,foul,,,,1627759|1628369|1628401|1629001|1629633|1630202|1630582|1630583|201143|203937,1629001|1629633|1630582|1630583|203937,1627759|1628369|1628401|1630202|201143,,,1610612763.0,22101223
2,PT08M43.00S,08:43,Q2 08:43,31.283333333333335,226,foul,P. Pritchard loose ball personal FOUL (1 PF),[],Pritchard,31,39,,False,False,1630202,,rebound,2pt missed,203937.0,,,1627759|1628369|1628401|1629001|1629633|1630202|1630582|1630583|201143|203937,1627759|1628369|1628401|1630202|201143,1629001|1629633|1630582|1630583|203937,,,1610612738.0,22101223
2,PT08M35.00S,08:35,Q2 08:35,31.416666666666668,228,2pt,MISS S. Aldama 9' driving floating Shot,"['pointsinthepaint', '2ndchance']",Aldama,31,39,Missed,True,False,1630583,,foul,rebound,,,,1627759|1628369|1628401|1629001|1629633|1630202|1630582|1630583|201143|203937,1629001|1629633|1630582|1630583|203937,1627759|1628369|1628401|1630202|201143,23.0,96.0,1610612763.0,22101223
2,PT08M31.00S,08:31,Q2 08:31,31.483333333333334,229,rebound,A. Horford REBOUND (Off:0 Def:4),[],Horford,31,39,,False,False,201143,,2pt missed,turnover,,,,1627759|1628369|1628401|1629001|1629633|1630202|1630582|1630583|201143|203937,1627759|1628369|1628401|1630202|201143,1629001|1629633|1630582|1630583|203937,,,1610612738.0,22101223
2,PT08M22.00S,08:22,Q2 08:22,31.633333333333333,230,turnover,J. Tatum bad pass out-of-bounds TURNOVER (3 TO),[],Tatum,31,39,,False,False,1628369,,rebound,foul,,,,1627759|1628369|1628401|1629001|1629633|1630202|1630582|1630583|201143|203937,1627759|1628369|1628401|1630202|201143,1629001|1629633|1630582|1630583|203937,,,1610612738.0,22101223
2,PT08M08.00S,08:08,Q2 08:08,31.866666666666667,231,foul,J. Brown shooting personal FOUL (3 PF) (Aldama 2 FT),"['inpenalty', '2freethrow']",Brown,31,39,,False,False,1627759,,turnover,freethrow,1630583.0,,,1627759|1628369|1628401|1629001|1629633|1630202|1630582|1630583|201143|203937,1627759|1628369|1628401|1630202|201143,1629001|1629633|1630582|1630583|203937,,,1610612738.0,22101223
2,PT08M08.00S,08:08,Q2 08:08,31.866666666666667,233,freethrow,S. Aldama Free Throw 1 of 2 (6 PTS),['fromturnover'],Aldama,32,39,Made,False,False,1630583,,foul,freethrow,,,,1627759|1628369|1628401|1629001|1629633|1630202|1630582|1630583|201143|203937,1629001|1629633|1630582|1630583|203937,1627759|1628369|1628401|1630202|201143,,,1610612763.0,22101223
2,PT08M08.00S,08:08,Q2 08:08,31.866666666666667,236,freethrow,MISS S. Aldama Free Throw 2 of 2,['fromturnover'],Aldama,32,39,Missed,False,False,1630583,,freethrow,substitution,,,,1627759|1628369|1628401|1629001|1629633|1630202|1630582|1630583|201143|203937,1629001|1629633|1630582|1630583|203937,1627759|1628369|1628401|1630202|201143,,,1610612763.0,22101223
2,PT08M08.00S,08:08,Q2 08:08,31.866666666666667,234,substitution,SUB out: J. Culver,[],Culver,32,39,,False,False,1629633,,freethrow,substitution,,,,1627759|1628369|1628401|1629001|1630202|1630582|1630583|201143|203937,1629001|1630582|1630583|203937,1627759|1628369|1628401|1630202|201143,,,1610612763.0,22101223
2,PT08M08.00S,08:08,Q2 08:08,31.866666666666667,235,substitution,SUB in: Z. Williams,[],Williams,32,39,,False,False,1630533,,substitution,rebound,,,,1627759|1628369|1628401|1629001|1630202|1630533|1630582|1630583|201143|203937,1629001|1630533|1630582|1630583|203937,1627759|1628369|1628401|1630202|201143,,,1610612763.0,22101223
2,PT08M06.00S,08:06,Q2 08:06,31.9,237,rebound,J. Tatum REBOUND (Off:0 Def:2),[],Tatum,32,39,,False,False,1628369,,substitution,3pt missed,,,,1627759|1628369|1628401|1629001|1630202|1630533|1630582|1630583|201143|203937,1627759|1628369|1628401|1630202|201143,1629001|1630533|1630582|1630583|203937,,,1610612738.0,22101223
2,PT07M47.00S,07:47,Q2 07:47,30.216666666666665,238,3pt,MISS D. White 24' 3PT,[],White,32,39,Missed,True,False,1628401,,rebound,rebound,,,,1627759|1628369|1628401|1629001|1630202|1630533|1630582|1630583|201143|203937,1627759|1628369|1628401|1630202|201143,1629001|1630533|1630582|1630583|203937,-163.0,182.0,1610612738.0,22101223
2,PT07M45.00S,07:45,Q2 07:45,30.25,239,rebound,P. Pritchard REBOUND (Off:1 Def:1),[],Pritchard,32,39,,False,False,1630202,,3pt missed,2pt made,,,,1627759|1628369|1628401|1629001|1630202|1630533|1630582|1630583|201143|203937,1627759|1628369|1628401|1630202|201143,1629001|1630533|1630582|1630583|203937,,,1610612738.0,22101223
2,PT07M44.00S,07:44,Q2 07:44,30.266666666666666,240,2pt,P. Pritchard putback Layup (8 PTS),"['pointsinthepaint', '2ndchance', 'defensivegoaltending']",Pritchard,32,41,Made,True,False,1630202,,rebound,3pt missed,,,,1627759|1628369|1628401|1629001|1630202|1630533|1630582|1630583|201143|203937,1627759|1628369|1628401|1630202|201143,1629001|1630533|1630582|1630583|203937,13.0,8.0,1610612738.0,22101223
2,PT07M21.00S,07:21,Q2 07:21,30.65,242,3pt,MISS K. Anderson 25' 3PT,[],Anderson,32,41,Missed,True,False,203937,,2pt made,rebound,,,,1627759|1628369|1628401|1629001|1630202|1630533|1630582|1630583|201143|203937,1629001|1630533|1630582|1630583|203937,1627759|1628369|1628401|1630202|201143,-180.0,178.0,1610612763.0,22101223
2,PT07M18.00S,07:18,Q2 07:18,30.7,243,rebound,D. White REBOUND (Off:0 Def:1),[],White,32,41,,False,False,1628401,,3pt missed,3pt made,,,,1627759|1628369|1628401|1629001|1630202|1630533|1630582|1630583|201143|203937,1627759|1628369|1628401|1630202|201143,1629001|1630533|1630582|1630583|203937,,,1610612738.0,22101223
2,PT07M05.00S,07:05,Q2 07:05,30.916666666666668,244,3pt,A. Horford 3PT  (11 PTS) (J. Brown 3 AST),[],Horford,32,44,Made,True,True,201143,1627759.0,rebound,timeout,,,,1627759|1628369|1628401|1629001|1630202|1630533|1630582|1630583|201143|203937,1627759|1628369|1628401|1630202|201143,1629001|1630533|1630582|1630583|203937,-222.0,84.0,1610612738.0,22101223
2,PT07M03.00S,07:03,Q2 07:03,30.95,246,timeout,MEM Timeout,"['team', 'mandatory']",,32,44,,False,False,0,,3pt made,substitution,,,,1627759|1628369|1628401|1629001|1630202|1630533|1630582|1630583|201143|203937,1629001|1630533|1630582|1630583|203937,1627759|1628369|1628401|1630202|201143,,,1610612763.0,22101223
2,PT07M03.00S,07:03,Q2 07:03,30.95,247,substitution,SUB out: S. Aldama,[],Aldama,32,44,,False,False,1630583,,timeout,substitution,,,,1627759|1628369|1628401|1629001|1630202|1630533|1630582|201143|203937,1629001|1630533|1630582|203937,1627759|1628369|1628401|1630202|201143,,,1610612763.0,22101223
2,PT07M03.00S,07:03,Q2 07:03,30.95,248,substitution,SUB in: X. Tillman,[],Tillman,32,44,,False,False,1630214,,substitution,2pt made,,,,1627759|1628369|1628401|1629001|1630202|1630214|1630533|1630582|201143|203937,1629001|1630214|1630533|1630582|203937,1627759|1628369|1628401|1630202|201143,,,1610612763.0,22101223
2,PT06M42.00S,06:42,Q2 06:42,29.3,249,2pt,K. Anderson driving finger roll Layup (12 PTS) (D. Melton 2 AST),['pointsinthepaint'],Anderson,34,44,Made,True,True,203937,1629001.0,substitution,3pt made,,,,1627759|1628369|1628401|1629001|1630202|1630214|1630533|1630582|201143|203937,1629001|1630214|1630533|1630582|203937,1627759|1628369|1628401|1630202|201143,-6.0,26.0,1610612763.0,22101223
2,PT06M19.00S,06:19,Q2 06:19,29.683333333333334,250,3pt,J. Brown 24' 3PT step back (8 PTS),[],Brown,34,47,Made,True,False,1627759,,2pt made,2pt missed,,,,1627759|1628369|1628401|1629001|1630202|1630214|1630533|1630582|201143|203937,1627759|1628369|1628401|1630202|201143,1629001|1630214|1630533|1630582|203937,-130.0,213.0,1610612738.0,22101223
2,PT06M11.00S,06:11,Q2 06:11,29.816666666666666,251,2pt,MISS Z. Williams 19' pullup Shot,[],Williams,34,47,Missed,True,False,1630533,,3pt made,rebound,,,,1627759|1628369|1628401|1629001|1630202|1630214|1630533|1630582|201143|203937,1629001|1630214|1630533|1630582|203937,1627759|1628369|1628401|1630202|201143,99.0,164.0,1610612763.0,22101223
2,PT06M08.00S,06:08,Q2 06:08,29.866666666666667,252,rebound,J. Tatum REBOUND (Off:0 Def:3),[],Tatum,34,47,,False,False,1628369,,2pt missed,3pt missed,,,,1627759|1628369|1628401|1629001|1630202|1630214|1630533|1630582|201143|203937,1627759|1628369|1628401|1630202|201143,1629001|1630214|1630533|1630582|203937,,,1610612738.0,22101223
2,PT06M04.00S,06:04,Q2 06:04,29.933333333333334,253,3pt,MISS J. Brown 31' pullup 3PT,['fastbreak'],Brown,34,47,Missed,True,False,1627759,,rebound,rebound,,,,1627759|1628369|1628401|1629001|1630202|1630214|1630533|1630582|201143|203937,1627759|1628369|1628401|1630202|201143,1629001|1630214|1630533|1630582|203937,175.0,257.0,1610612738.0,22101223
2,PT05M59.00S,05:59,Q2 05:59,28.016666666666666,254,rebound,K. Anderson REBOUND (Off:1 Def:3),[],Anderson,34,47,,False,False,203937,,3pt missed,3pt missed,,,,1627759|1628369|1628401|1629001|1630202|1630214|1630533|1630582|201143|203937,1629001|1630214|1630533|1630582|203937,1627759|1628369|1628401|1630202|201143,,,1610612763.0,22101223
2,PT05M50.00S,05:50,Q2 05:50,28.166666666666668,255,3pt,MISS Y. Pons 25' 3PT,[],Pons,34,47,Missed,True,False,1630582,,rebound,rebound,,,,1627759|1628369|1628401|1629001|1630202|1630214|1630533|1630582|201143|203937,1629001|1630214|1630533|1630582|203937,1627759|1628369|1628401|1630202|201143,145.0,205.0,1610612763.0,22101223
2,PT05M48.00S,05:48,Q2 05:48,28.2,256,rebound,TEAM defensive REBOUND,['team'],,34,47,,False,False,0,,3pt missed,substitution,,,,1627759|1628369|1628401|1629001|1630202|1630214|1630533|1630582|201143|203937,1627759|1628369|1628401|1630202|201143,1629001|1630214|1630533|1630582|203937,,,1610612738.0,22101223
2,PT05M48.00S,05:48,Q2 05:48,28.2,258,substitution,SUB out: K. Anderson,[],Anderson,34,47,,False,False,203937,,rebound,substitution,,,,1627759|1628369|1628401|1629001|1630202|1630214|1630533|1630582|201143,1629001|1630214|1630533|1630582,1627759|1628369|1628401|1630202|201143,,,1610612763.0,22101223
2,PT05M48.00S,05:48,Q2 05:48,28.2,259,substitution,SUB in: J. Konchar,[],Konchar,34,47,,False,False,1629723,,substitution,2pt made,,,,1627759|1628369|1628401|1629001|1629723|1630202|1630214|1630533|1630582|201143,1629001|1629723|1630214|1630533|1630582,1627759|1628369|1628401|1630202|201143,,,1610612763.0,22101223
2,PT05M29.00S,05:29,Q2 05:29,28.516666666666666,260,2pt,J. Tatum 15' turnaround fadeaway Jump Shot (16 PTS),[],Tatum,34,49,Made,True,False,1628369,,substitution,3pt made,,,,1627759|1628369|1628401|1629001|1629723|1630202|1630214|1630533|1630582|201143,1627759|1628369|1628401|1630202|201143,1629001|1629723|1630214|1630533|1630582,36.0,146.0,1610612738.0,22101223
2,PT05M13.00S,05:13,Q2 05:13,28.783333333333335,262,3pt,D. Melton 24' 3PT  (10 PTS) (J. Konchar 5 AST),[],Melton,37,49,Made,True,True,1629001,1629723.0,2pt made,turnover,,,,1627759|1628369|1628401|1629001|1629723|1630202|1630214|1630533|1630582|201143,1629001|1629723|1630214|1630533|1630582,1627759|1628369|1628401|1630202|201143,234.0,81.0,1610612763.0,22101223
2,PT04M52.00S,04:52,Q2 04:52,27.133333333333333,264,turnover,J. Tatum lost ball TURNOVER (4 TO),[],Tatum,37,49,,False,False,1628369,,3pt made,steal,,1630533.0,,1627759|1628369|1628401|1629001|1629723|1630202|1630214|1630533|1630582|201143,1627759|1628369|1628401|1630202|201143,1629001|1629723|1630214|1630533|1630582,,,1610612738.0,22101223
2,PT04M52.00S,04:52,Q2 04:52,27.133333333333333,265,steal,Z. Williams STEAL (1 STL),[],Williams,37,49,,False,False,1630533,,turnover,foul,,,,1627759|1628369|1628401|1629001|1629723|1630202|1630214|1630533|1630582|201143,1629001|1629723|1630214|1630533|1630582,1627759|1628369|1628401|1630202|201143,,,1610612763.0,22101223
2,PT04M52.00S,04:52,Q2 04:52,27.133333333333333,266,foul,J. Tatum take personal FOUL (1 PF) (Konchar 2 FT),"['inpenalty', '2freethrow']",Tatum,37,49,,False,False,1628369,,steal,freethrow,1629723.0,,,1627759|1628369|1628401|1629001|1629723|1630202|1630214|1630533|1630582|201143,1627759|1628369|1628401|1630202|201143,1629001|1629723|1630214|1630533|1630582,,,1610612738.0,22101223
2,PT04M52.00S,04:52,Q2 04:52,27.133333333333333,268,freethrow,MISS J. Konchar Free Throw 1 of 2,['fromturnover'],Konchar,37,49,Missed,False,False,1629723,,foul,rebound,,,,1627759|1628369|1628401|1629001|1629723|1630202|1630214|1630533|1630582|201143,1629001|1629723|1630214|1630533|1630582,1627759|1628369|1628401|1630202|201143,,,1610612763.0,22101223
2,PT04M52.00S,04:52,Q2 04:52,27.133333333333333,269,rebound,TEAM offensive REBOUND,"['deadball', 'team']",,37,49,,False,False,0,,freethrow,freethrow,,,,1627759|1628369|1628401|1629001|1629723|1630202|1630214|1630533|1630582|201143,1629001|1629723|1630214|1630533|1630582,1627759|1628369|1628401|1630202|201143,,,1610612763.0,22101223
2,PT04M52.00S,04:52,Q2 04:52,27.133333333333333,278,freethrow,MISS J. Konchar Free Throw 2 of 2,['fromturnover'],Konchar,37,49,Missed,False,False,1629723,,rebound,substitution,,,,1627759|1628369|1628401|1629001|1629723|1630202|1630214|1630533|1630582|201143,1629001|1629723|1630214|1630533|1630582,1627759|1628369|1628401|1630202|201143,,,1610612763.0,22101223
2,PT04M52.00S,04:52,Q2 04:52,27.133333333333333,270,substitution,SUB out: Y. Pons,[],Pons,37,49,,False,False,1630582,,freethrow,substitution,,,,1627759|1628369|1628401|1629001|1629723|1630202|1630214|1630533|201143,1629001|1629723|1630214|1630533,1627759|1628369|1628401|1630202|201143,,,1610612763.0,22101223
2,PT04M52.00S,04:52,Q2 04:52,27.133333333333333,271,substitution,SUB out: J. Brown,[],Brown,37,49,,False,False,1627759,,substitution,substitution,,,,1628369|1628401|1629001|1629723|1630202|1630214|1630533|201143,1628369|1628401|1630202|201143,1629001|1629723|1630214|1630533,,,1610612738.0,22101223
2,PT04M52.00S,04:52,Q2 04:52,27.133333333333333,272,substitution,SUB out: P. Pritchard,[],Pritchard,37,49,,False,False,1630202,,substitution,substitution,,,,1628369|1628401|1629001|1629723|1630214|1630533|201143,1628369|1628401|201143,1629001|1629723|1630214|1630533,,,1610612738.0,22101223
2,PT04M52.00S,04:52,Q2 04:52,27.133333333333333,273,substitution,SUB out: A. Horford,[],Horford,37,49,,False,False,201143,,substitution,substitution,,,,1628369|1628401|1629001|1629723|1630214|1630533,1628369|1628401,1629001|1629723|1630214|1630533,,,1610612738.0,22101223
2,PT04M52.00S,04:52,Q2 04:52,27.133333333333333,274,substitution,SUB in: S. Aldama,[],Aldama,37,49,,False,False,1630583,,substitution,substitution,,,,1628369|1628401|1629001|1629723|1630214|1630533|1630583,1629001|1629723|1630214|1630533|1630583,1628369|1628401,,,1610612763.0,22101223
2,PT04M52.00S,04:52,Q2 04:52,27.133333333333333,275,substitution,SUB in: D. Theis,[],Theis,37,49,,False,False,1628464,,substitution,substitution,,,,1628369|1628401|1628464|1629001|1629723|1630214|1630533|1630583,1628369|1628401|1628464,1629001|1629723|1630214|1630533|1630583,,,1610612738.0,22101223
2,PT04M52.00S,04:52,Q2 04:52,27.133333333333333,276,substitution,SUB in: G. Williams,[],Williams,37,49,,False,False,1629684,,substitution,substitution,,,,1628369|1628401|1628464|1629001|1629684|1629723|1630214|1630533|1630583,1628369|1628401|1628464|1629684,1629001|1629723|1630214|1630533|1630583,,,1610612738.0,22101223
2,PT04M52.00S,04:52,Q2 04:52,27.133333333333333,277,substitution,SUB in: M. Smart,[],Smart,37,49,,False,False,203935,,substitution,rebound,,,,1628369|1628401|1628464|1629001|1629684|1629723|1630214|1630533|1630583|203935,1628369|1628401|1628464|1629684|203935,1629001|1629723|1630214|1630533|1630583,,,1610612738.0,22101223
2,PT04M50.00S,04:50,Q2 04:50,27.166666666666668,279,rebound,D. White REBOUND (Off:0 Def:2),[],White,37,49,,False,False,1628401,,substitution,3pt made,,,,1628369|1628401|1628464|1629001|1629684|1629723|1630214|1630533|1630583|203935,1628369|1628401|1628464|1629684|203935,1629001|1629723|1630214|1630533|1630583,,,1610612738.0,22101223
2,PT04M32.00S,04:32,Q2 04:32,27.466666666666665,280,3pt,D. White 24' 3PT  (5 PTS) (J. Tatum 1 AST),[],White,37,52,Made,True,True,1628401,1628369.0,rebound,2pt made,,,,1628369|1628401|1628464|1629001|1629684|1629723|1630214|1630533|1630583|203935,1628369|1628401|1628464|1629684|203935,1629001|1629723|1630214|1630533|1630583,-141.0,199.0,1610612738.0,22101223
2,PT04M22.00S,04:22,Q2 04:22,27.633333333333333,282,2pt,D. Melton running finger roll Layup (12 PTS),['pointsinthepaint'],Melton,39,52,Made,True,False,1629001,,3pt made,foul,,,,1628369|1628401|1628464|1629001|1629684|1629723|1630214|1630533|1630583|203935,1629001|1629723|1630214|1630533|1630583,1628369|1628401|1628464|1629684|203935,-28.0,22.0,1610612763.0,22101223
2,PT04M07.00S,04:07,Q2 04:07,27.883333333333333,283,foul,Z. Williams personal FOUL (1 PF),[],Williams,39,52,,False,False,1630533,,2pt made,2pt missed,1628369.0,,,1628369|1628401|1628464|1629001|1629684|1629723|1630214|1630533|1630583|203935,1629001|1629723|1630214|1630533|1630583,1628369|1628401|1628464|1629684|203935,,,1610612763.0,22101223
2,PT03M55.00S,03:55,Q2 03:55,26.083333333333332,285,2pt,MISS G. Williams 9' driving floating Shot - blocked,['pointsinthepaint'],Williams,39,52,Missed,True,False,1629684,,foul,block,,,1629723.0,1628369|1628401|1628464|1629001|1629684|1629723|1630214|1630533|1630583|203935,1628369|1628401|1628464|1629684|203935,1629001|1629723|1630214|1630533|1630583,58.0,75.0,1610612738.0,22101223
2,PT03M55.00S,03:55,Q2 03:55,26.083333333333332,286,block,J. Konchar BLOCK (1 BLK),[],Konchar,39,52,,False,False,1629723,,2pt missed,rebound,,,,1628369|1628401|1628464|1629001|1629684|1629723|1630214|1630533|1630583|203935,1629001|1629723|1630214|1630533|1630583,1628369|1628401|1628464|1629684|203935,,,1610612763.0,22101223
2,PT03M52.00S,03:52,Q2 03:52,26.133333333333333,287,rebound,Z. Williams REBOUND (Off:0 Def:1),[],Williams,39,52,,False,False,1630533,,block,2pt missed,,,,1628369|1628401|1628464|1629001|1629684|1629723|1630214|1630533|1630583|203935,1629001|1629723|1630214|1630533|1630583,1628369|1628401|1628464|1629684|203935,,,1610612763.0,22101223
2,PT03M49.00S,03:49,Q2 03:49,26.183333333333334,288,2pt,MISS X. Tillman driving floating Shot,"['pointsinthepaint', 'fastbreak']",Tillman,39,52,Missed,True,False,1630214,,rebound,rebound,,,,1628369|1628401|1628464|1629001|1629684|1629723|1630214|1630533|1630583|203935,1629001|1629723|1630214|1630533|1630583,1628369|1628401|1628464|1629684|203935,33.0,12.0,1610612763.0,22101223
2,PT03M49.00S,03:49,Q2 03:49,26.183333333333334,289,rebound,D. White REBOUND (Off:0 Def:3),[],White,39,52,,False,False,1628401,,2pt missed,2pt made,,,,1628369|1628401|1628464|1629001|1629684|1629723|1630214|1630533|1630583|203935,1628369|1628401|1628464|1629684|203935,1629001|1629723|1630214|1630533|1630583,,,1610612738.0,22101223
2,PT03M44.00S,03:44,Q2 03:44,26.266666666666666,290,2pt,D. White driving floating Jump Shot (7 PTS),"['fastbreak', 'pointsinthepaint']",White,39,54,Made,True,False,1628401,,rebound,foul,,,,1628369|1628401|1628464|1629001|1629684|1629723|1630214|1630533|1630583|203935,1628369|1628401|1628464|1629684|203935,1629001|1629723|1630214|1630533|1630583,34.0,25.0,1610612738.0,22101223
2,PT03M44.00S,03:44,Q2 03:44,26.266666666666666,291,foul,J. Konchar shooting personal FOUL (1 PF) (White 1 FT),['1freethrow'],Konchar,39,54,,False,False,1629723,,2pt made,freethrow,1628401.0,,,1628369|1628401|1628464|1629001|1629684|1629723|1630214|1630533|1630583|203935,1629001|1629723|1630214|1630533|1630583,1628369|1628401|1628464|1629684|203935,,,1610612763.0,22101223
2,PT03M44.00S,03:44,Q2 03:44,26.266666666666666,295,freethrow,D. White Free Throw 1 of 1 (8 PTS),['fastbreak'],White,39,55,Made,False,False,1628401,,foul,substitution,,,,1628369|1628401|1628464|1629001|1629684|1629723|1630214|1630533|1630583|203935,1628369|1628401|1628464|1629684|203935,1629001|1629723|1630214|1630533|1630583,,,1610612738.0,22101223
2,PT03M44.00S,03:44,Q2 03:44,26.266666666666666,293,substitution,SUB out: D. Melton,[],Melton,39,54,,False,False,1629001,,freethrow,substitution,,,,1628369|1628401|1628464|1629684|1629723|1630214|1630533|1630583|203935,1629723|1630214|1630533|1630583,1628369|1628401|1628464|1629684|203935,,,1610612763.0,22101223
2,PT03M44.00S,03:44,Q2 03:44,26.266666666666666,294,substitution,SUB in: J. Culver,[],Culver,39,54,,False,False,1629633,,substitution,2pt missed,,,,1628369|1628401|1628464|1629633|1629684|1629723|1630214|1630533|1630583|203935,1629633|1629723|1630214|1630533|1630583,1628369|1628401|1628464|1629684|203935,,,1610612763.0,22101223
2,PT03M24.00S,03:24,Q2 03:24,26.6,296,2pt,MISS Z. Williams 6' driving floating Shot,['pointsinthepaint'],Williams,39,55,Missed,True,False,1630533,,substitution,rebound,,,,1628369|1628401|1628464|1629633|1629684|1629723|1630214|1630533|1630583|203935,1629633|1629723|1630214|1630533|1630583,1628369|1628401|1628464|1629684|203935,-45.0,48.0,1610612763.0,22101223
2,PT03M23.00S,03:23,Q2 03:23,26.616666666666667,297,rebound,Z. Williams REBOUND (Off:1 Def:1),[],Williams,39,55,,False,False,1630533,,2pt missed,foul,,,,1628369|1628401|1628464|1629633|1629684|1629723|1630214|1630533|1630583|203935,1629633|1629723|1630214|1630533|1630583,1628369|1628401|1628464|1629684|203935,,,1610612763.0,22101223
2,PT03M21.00S,03:21,Q2 03:21,26.65,298,foul,G. Williams shooting personal FOUL (2 PF) (Williams 2 FT),"['inpenalty', '2freethrow']",Williams,39,55,,False,False,1629684,,rebound,freethrow,1630533.0,,,1628369|1628401|1628464|1629633|1629684|1629723|1630214|1630533|1630583|203935,1628369|1628401|1628464|1629684|203935,1629633|1629723|1630214|1630533|1630583,,,1610612738.0,22101223
2,PT03M21.00S,03:21,Q2 03:21,26.65,300,freethrow,Z. Williams Free Throw 1 of 2 (4 PTS),['2ndchance'],Williams,40,55,Made,False,False,1630533,,foul,freethrow,,,,1628369|1628401|1628464|1629633|1629684|1629723|1630214|1630533|1630583|203935,1629633|1629723|1630214|1630533|1630583,1628369|1628401|1628464|1629684|203935,,,1610612763.0,22101223
2,PT03M21.00S,03:21,Q2 03:21,26.65,301,freethrow,Z. Williams Free Throw 2 of 2 (5 PTS),['2ndchance'],Williams,41,55,Made,False,False,1630533,,freethrow,turnover,,,,1628369|1628401|1628464|1629633|1629684|1629723|1630214|1630533|1630583|203935,1629633|1629723|1630214|1630533|1630583,1628369|1628401|1628464|1629684|203935,,,1610612763.0,22101223
2,PT03M08.00S,03:08,Q2 03:08,26.866666666666667,302,turnover,M. Smart bad pass out-of-bounds TURNOVER (2 TO),[],Smart,41,55,,False,False,203935,,freethrow,2pt made,,,,1628369|1628401|1628464|1629633|1629684|1629723|1630214|1630533|1630583|203935,1628369|1628401|1628464|1629684|203935,1629633|1629723|1630214|1630533|1630583,,,1610612738.0,22101223
2,PT02M48.00S,02:48,Q2 02:48,25.2,304,2pt,X. Tillman 6' turnaround Jump Shot (2 PTS),"['pointsinthepaint', 'fromturnover']",Tillman,43,55,Made,True,False,1630214,,turnover,foul,,,,1628369|1628401|1628464|1629633|1629684|1629723|1630214|1630533|1630583|203935,1629633|1629723|1630214|1630533|1630583,1628369|1628401|1628464|1629684|203935,-55.0,39.0,1610612763.0,22101223
2,PT02M48.00S,02:48,Q2 02:48,25.2,305,foul,D. Theis shooting personal FOUL (1 PF) (Tillman 1 FT),"['inpenalty', '1freethrow']",Theis,43,55,,False,False,1628464,,2pt made,timeout,1630214.0,,,1628369|1628401|1628464|1629633|1629684|1629723|1630214|1630533|1630583|203935,1628369|1628401|1628464|1629684|203935,1629633|1629723|1630214|1630533|1630583,,,1610612738.0,22101223
2,PT02M48.00S,02:48,Q2 02:48,25.2,307,timeout,BOS Timeout,"['team', 'mandatory']",,43,55,,False,False,0,,foul,freethrow,,,,1628369|1628401|1628464|1629633|1629684|1629723|1630214|1630533|1630583|203935,1628369|1628401|1628464|1629684|203935,1629633|1629723|1630214|1630533|1630583,,,1610612738.0,22101223
2,PT02M48.00S,02:48,Q2 02:48,25.2,308,freethrow,X. Tillman Free Throw 1 of 1 (3 PTS),['fromturnover'],Tillman,44,55,Made,False,False,1630214,,timeout,turnover,,,,1628369|1628401|1628464|1629633|1629684|1629723|1630214|1630533|1630583|203935,1629633|1629723|1630214|1630533|1630583,1628369|1628401|1628464|1629684|203935,,,1610612763.0,22101223
2,PT02M36.00S,02:36,Q2 02:36,25.4,309,turnover,J. Tatum lost ball TURNOVER (5 TO),[],Tatum,44,55,,False,False,1628369,,freethrow,steal,,1629723.0,,1628369|1628401|1628464|1629633|1629684|1629723|1630214|1630533|1630583|203935,1628369|1628401|1628464|1629684|203935,1629633|1629723|1630214|1630533|1630583,,,1610612738.0,22101223
2,PT02M36.00S,02:36,Q2 02:36,25.4,310,steal,J. Konchar STEAL (2 STL),[],Konchar,44,55,,False,False,1629723,,turnover,3pt missed,,,,1628369|1628401|1628464|1629633|1629684|1629723|1630214|1630533|1630583|203935,1629633|1629723|1630214|1630533|1630583,1628369|1628401|1628464|1629684|203935,,,1610612763.0,22101223
2,PT02M26.00S,02:26,Q2 02:26,25.566666666666666,311,3pt,MISS J. Culver 3PT,['fromturnover'],Culver,44,55,Missed,True,False,1629633,,steal,rebound,,,,1628369|1628401|1628464|1629633|1629684|1629723|1630214|1630533|1630583|203935,1629633|1629723|1630214|1630533|1630583,1628369|1628401|1628464|1629684|203935,-230.0,29.0,1610612763.0,22101223
2,PT02M23.00S,02:23,Q2 02:23,25.616666666666667,312,rebound,J. Tatum REBOUND (Off:0 Def:4),[],Tatum,44,55,,False,False,1628369,,3pt missed,3pt made,,,,1628369|1628401|1628464|1629633|1629684|1629723|1630214|1630533|1630583|203935,1628369|1628401|1628464|1629684|203935,1629633|1629723|1630214|1630533|1630583,,,1610612738.0,22101223
2,PT02M12.00S,02:12,Q2 02:12,25.8,313,3pt,J. Tatum 24' 3PT step back (19 PTS) (M. Smart 3 AST),[],Tatum,44,58,Made,True,True,1628369,203935.0,rebound,turnover,,,,1628369|1628401|1628464|1629633|1629684|1629723|1630214|1630533|1630583|203935,1628369|1628401|1628464|1629684|203935,1629633|1629723|1630214|1630533|1630583,-188.0,161.0,1610612738.0,22101223
2,PT01M59.00S,01:59,Q2 01:59,24.016666666666666,315,turnover,J. Culver bad pass TURNOVER (2 TO),[],Culver,44,58,,False,False,1629633,,3pt made,steal,,203935.0,,1628369|1628401|1628464|1629633|1629684|1629723|1630214|1630533|1630583|203935,1629633|1629723|1630214|1630533|1630583,1628369|1628401|1628464|1629684|203935,,,1610612763.0,22101223
2,PT01M59.00S,01:59,Q2 01:59,24.016666666666666,316,steal,M. Smart STEAL (1 STL),[],Smart,44,58,,False,False,203935,,turnover,2pt made,,,,1628369|1628401|1628464|1629633|1629684|1629723|1630214|1630533|1630583|203935,1628369|1628401|1628464|1629684|203935,1629633|1629723|1630214|1630533|1630583,,,1610612738.0,22101223
2,PT01M56.00S,01:56,Q2 01:56,24.066666666666666,317,2pt,M. Smart running DUNK (2 PTS),"['pointsinthepaint', 'fromturnover', 'fastbreak']",Smart,44,60,Made,True,False,203935,,steal,2pt made,,,,1628369|1628401|1628464|1629633|1629684|1629723|1630214|1630533|1630583|203935,1628369|1628401|1628464|1629684|203935,1629633|1629723|1630214|1630533|1630583,2.0,4.0,1610612738.0,22101223
2,PT01M48.00S,01:48,Q2 01:48,24.2,318,2pt,S. Aldama 13' floating Jump Shot (8 PTS) (J. Konchar 6 AST),['pointsinthepaint'],Aldama,46,60,Made,True,True,1630583,1629723.0,2pt made,2pt made,,,,1628369|1628401|1628464|1629633|1629684|1629723|1630214|1630533|1630583|203935,1629633|1629723|1630214|1630533|1630583,1628369|1628401|1628464|1629684|203935,-51.0,130.0,1610612763.0,22101223
2,PT01M27.00S,01:27,Q2 01:27,24.55,320,2pt,D. Theis 6' floating Jump Shot (6 PTS) (J. Tatum 2 AST),['pointsinthepaint'],Theis,46,62,Made,True,True,1628464,1628369.0,2pt made,foul,,,,1628369|1628401|1628464|1629633|1629684|1629723|1630214|1630533|1630583|203935,1628369|1628401|1628464|1629684|203935,1629633|1629723|1630214|1630533|1630583,59.0,17.0,1610612738.0,22101223
2,PT01M27.00S,01:27,Q2 01:27,24.55,322,foul,X. Tillman shooting personal FOUL (2 PF) (Theis 1 FT),['1freethrow'],Tillman,46,62,,False,False,1630214,,2pt made,freethrow,1628464.0,,,1628369|1628401|1628464|1629633|1629684|1629723|1630214|1630533|1630583|203935,1629633|1629723|1630214|1630533|1630583,1628369|1628401|1628464|1629684|203935,,,1610612763.0,22101223
2,PT01M27.00S,01:27,Q2 01:27,24.55,328,freethrow,D. Theis Free Throw 1 of 1 (7 PTS),[],Theis,46,63,Made,False,False,1628464,,foul,substitution,,,,1628369|1628401|1628464|1629633|1629684|1629723|1630214|1630533|1630583|203935,1628369|1628401|1628464|1629684|203935,1629633|1629723|1630214|1630533|1630583,,,1610612738.0,22101223
2,PT01M27.00S,01:27,Q2 01:27,24.55,324,substitution,SUB out: Z. Williams,[],Williams,46,62,,False,False,1630533,,freethrow,substitution,,,,1628369|1628401|1628464|1629633|1629684|1629723|1630214|1630583|203935,1629633|1629723|1630214|1630583,1628369|1628401|1628464|1629684|203935,,,1610612763.0,22101223
2,PT01M27.00S,01:27,Q2 01:27,24.55,325,substitution,SUB in: Y. Pons,[],Pons,46,62,,False,False,1630582,,substitution,substitution,,,,1628369|1628401|1628464|1629633|1629684|1629723|1630214|1630582|1630583|203935,1629633|1629723|1630214|1630582|1630583,1628369|1628401|1628464|1629684|203935,,,1610612763.0,22101223
2,PT01M27.00S,01:27,Q2 01:27,24.55,326,substitution,SUB out: D. White,[],White,46,62,,False,False,1628401,,substitution,substitution,,,,1628369|1628464|1629633|1629684|1629723|1630214|1630582|1630583|203935,1628369|1628464|1629684|203935,1629633|1629723|1630214|1630582|1630583,,,1610612738.0,22101223
2,PT01M27.00S,01:27,Q2 01:27,24.55,327,substitution,SUB in: P. Pritchard,[],Pritchard,46,62,,False,False,1630202,,substitution,turnover,,,,1628369|1628464|1629633|1629684|1629723|1630202|1630214|1630582|1630583|203935,1628369|1628464|1629684|1630202|203935,1629633|1629723|1630214|1630582|1630583,,,1610612738.0,22101223
2,PT01M16.00S,01:16,Q2 01:16,24.733333333333334,329,turnover,S. Aldama traveling TURNOVER (2 TO),[],Aldama,46,63,,False,False,1630583,,substitution,3pt made,,,,1628369|1628464|1629633|1629684|1629723|1630202|1630214|1630582|1630583|203935,1629633|1629723|1630214|1630582|1630583,1628369|1628464|1629684|1630202|203935,,,1610612763.0,22101223
2,PT00M57.00S,00:57,Q2 00:57,23.05,330,3pt,J. Tatum 25' 3PT  (22 PTS),['fromturnover'],Tatum,46,66,Made,True,False,1628369,,turnover,2pt missed,,,,1628369|1628464|1629633|1629684|1629723|1630202|1630214|1630582|1630583|203935,1628369|1628464|1629684|1630202|203935,1629633|1629723|1630214|1630582|1630583,82.0,239.0,1610612738.0,22101223
2,PT00M44.10S,00:44,Q2 00:44,23.266666666666666,331,2pt,MISS J. Culver 14' pullup Shot,['pointsinthepaint'],Culver,46,66,Missed,True,False,1629633,,3pt made,rebound,,,,1628369|1628464|1629633|1629684|1629723|1630202|1630214|1630582|1630583|203935,1629633|1629723|1630214|1630582|1630583,1628369|1628464|1629684|1630202|203935,55.0,137.0,1610612763.0,22101223
2,PT00M41.70S,00:41,Q2 00:41,23.316666666666666,332,rebound,P. Pritchard REBOUND (Off:1 Def:2),[],Pritchard,46,66,,False,False,1630202,,2pt missed,3pt made,,,,1628369|1628464|1629633|1629684|1629723|1630202|1630214|1630582|1630583|203935,1628369|1628464|1629684|1630202|203935,1629633|1629723|1630214|1630582|1630583,,,1610612738.0,22101223
2,PT00M34.40S,00:34,Q2 00:34,23.433333333333334,333,3pt,J. Tatum 25' 3PT step back (25 PTS),[],Tatum,46,69,Made,True,False,1628369,,rebound,foul,,,,1628369|1628464|1629633|1629684|1629723|1630202|1630214|1630582|1630583|203935,1628369|1628464|1629684|1630202|203935,1629633|1629723|1630214|1630582|1630583,201.0,163.0,1610612738.0,22101223
2,PT00M34.40S,00:34,Q2 00:34,23.433333333333334,334,foul,S. Aldama shooting personal FOUL (1 PF) (Tatum 1 FT),"['inpenalty', '1freethrow']",Aldama,46,69,,False,False,1630583,,3pt made,freethrow,1628369.0,,,1628369|1628464|1629633|1629684|1629723|1630202|1630214|1630582|1630583|203935,1629633|1629723|1630214|1630582|1630583,1628369|1628464|1629684|1630202|203935,,,1610612763.0,22101223
2,PT00M34.40S,00:34,Q2 00:34,23.433333333333334,336,freethrow,J. Tatum Free Throw 1 of 1 (26 PTS),[],Tatum,46,70,Made,False,False,1628369,,foul,turnover,,,,1628369|1628464|1629633|1629684|1629723|1630202|1630214|1630582|1630583|203935,1628369|1628464|1629684|1630202|203935,1629633|1629723|1630214|1630582|1630583,,,1610612738.0,22101223
2,PT00M18.30S,00:18,Q2 00:18,23.7,337,turnover,J. Konchar bad pass TURNOVER (1 TO),[],Konchar,46,70,,False,False,1629723,,freethrow,steal,,1628369.0,,1628369|1628464|1629633|1629684|1629723|1630202|1630214|1630582|1630583|203935,1629633|1629723|1630214|1630582|1630583,1628369|1628464|1629684|1630202|203935,,,1610612763.0,22101223
2,PT00M18.30S,00:18,Q2 00:18,23.7,338,steal,J. Tatum STEAL (1 STL),[],Tatum,46,70,,False,False,1628369,,turnover,foul,,,,1628369|1628464|1629633|1629684|1629723|1630202|1630214|1630582|1630583|203935,1628369|1628464|1629684|1630202|203935,1629633|1629723|1630214|1630582|1630583,,,1610612738.0,22101223
2,PT00M14.90S,00:14,Q2 00:14,23.766666666666666,339,foul,Y. Pons shooting personal FOUL (2 PF) (Pritchard 2 FT),"['inpenalty', '2freethrow']",Pons,46,70,,False,False,1630582,,steal,freethrow,1630202.0,,,1628369|1628464|1629633|1629684|1629723|1630202|1630214|1630582|1630583|203935,1629633|1629723|1630214|1630582|1630583,1628369|1628464|1629684|1630202|203935,,,1610612763.0,22101223
2,PT00M14.90S,00:14,Q2 00:14,23.766666666666666,341,freethrow,P. Pritchard Free Throw 1 of 2 (9 PTS),"['fromturnover', 'fastbreak']",Pritchard,46,71,Made,False,False,1630202,,foul,freethrow,,,,1628369|1628464|1629633|1629684|1629723|1630202|1630214|1630582|1630583|203935,1628369|1628464|1629684|1630202|203935,1629633|1629723|1630214|1630582|1630583,,,1610612738.0,22101223
2,PT00M14.90S,00:14,Q2 00:14,23.766666666666666,342,freethrow,P. Pritchard Free Throw 2 of 2 (10 PTS),"['fastbreak', 'fromturnover']",Pritchard,46,72,Made,False,False,1630202,,freethrow,3pt made,,,,1628369|1628464|1629633|1629684|1629723|1630202|1630214|1630582|1630583|203935,1628369|1628464|1629684|1630202|203935,1629633|1629723|1630214|1630582|1630583,,,1610612738.0,22101223
2,PT00M03.60S,00:03,Q2 00:03,23.95,343,3pt,J. Konchar 25' 3PT pullup (9 PTS),[],Konchar,49,72,Made,True,False,1629723,,freethrow,3pt missed,,,,1628369|1628464|1629633|1629684|1629723|1630202|1630214|1630582|1630583|203935,1629633|1629723|1630214|1630582|1630583,1628369|1628464|1629684|1630202|203935,119.0,230.0,1610612763.0,22101223
2,PT00M00.30S,00:00,Q2 00:00,24.0,344,3pt,MISS P. Pritchard 34' pullup 3PT,[],Pritchard,49,72,Missed,True,False,1630202,,3pt made,rebound,,,,1628369|1628464|1629633|1629684|1629723|1630202|1630214|1630582|1630583|203935,1628369|1628464|1629684|1630202|203935,1629633|1629723|1630214|1630582|1630583,-66.0,334.0,1610612738.0,22101223
2,PT00M00.30S,00:00,Q2 00:00,24.0,345,rebound,TEAM offensive REBOUND,['team'],,49,72,,False,False,0,,3pt missed,substitution,,,,1628369|1628464|1629633|1629684|1629723|1630202|1630214|1630582|1630583|203935,1628369|1628464|1629684|1630202|203935,1629633|1629723|1630214|1630582|1630583,,,1610612738.0,22101223
3,PT12M00.00S,12:00,Q3 12:00,24.0,347,substitution,SUB out: S. Aldama,['startperiod'],Aldama,49,72,,False,False,1630583,,rebound,substitution,,,,1628369|1628464|1629633|1629684|1629723|1630202|1630214|1630582|203935,1629633|1629723|1630214|1630582,1628369|1628464|1629684|1630202|203935,,,1610612763.0,22101223
3,PT12M00.00S,12:00,Q3 12:00,24.0,348,substitution,SUB out: J. Culver,['startperiod'],Culver,49,72,,False,False,1629633,,substitution,substitution,,,,1628369|1628464|1629684|1629723|1630202|1630214|1630582|203935,1629723|1630214|1630582,1628369|1628464|1629684|1630202|203935,,,1610612763.0,22101223
3,PT12M00.00S,12:00,Q3 12:00,24.0,349,substitution,SUB out: Y. Pons,['startperiod'],Pons,49,72,,False,False,1630582,,substitution,substitution,,,,1628369|1628464|1629684|1629723|1630202|1630214|203935,1629723|1630214,1628369|1628464|1629684|1630202|203935,,,1610612763.0,22101223
3,PT12M00.00S,12:00,Q3 12:00,24.0,350,substitution,SUB out: G. Williams,['startperiod'],Williams,49,72,,False,False,1629684,,substitution,substitution,,,,1628369|1628464|1629723|1630202|1630214|203935,1628369|1628464|1630202|203935,1629723|1630214,,,1610612738.0,22101223
3,PT12M00.00S,12:00,Q3 12:00,24.0,351,substitution,SUB out: P. Pritchard,['startperiod'],Pritchard,49,72,,False,False,1630202,,substitution,substitution,,,,1628369|1628464|1629723|1630214|203935,1628369|1628464|203935,1629723|1630214,,,1610612738.0,22101223
3,PT12M00.00S,12:00,Q3 12:00,24.0,352,substitution,SUB in: D. Melton,['startperiod'],Melton,49,72,,False,False,1629001,,substitution,substitution,,,,1628369|1628464|1629001|1629723|1630214|203935,1629001|1629723|1630214,1628369|1628464|203935,,,1610612763.0,22101223
3,PT12M00.00S,12:00,Q3 12:00,24.0,353,substitution,SUB in: K. Anderson,['startperiod'],Anderson,49,72,,False,False,203937,,substitution,substitution,,,,1628369|1628464|1629001|1629723|1630214|203935|203937,1629001|1629723|1630214|203937,1628369|1628464|203935,,,1610612763.0,22101223
3,PT12M00.00S,12:00,Q3 12:00,24.0,354,substitution,SUB in: Z. Williams,['startperiod'],Williams,49,72,,False,False,1630533,,substitution,substitution,,,,1628369|1628464|1629001|1629723|1630214|1630533|203935|203937,1629001|1629723|1630214|1630533|203937,1628369|1628464|203935,,,1610612763.0,22101223
3,PT12M00.00S,12:00,Q3 12:00,24.0,355,substitution,SUB in: J. Brown,['startperiod'],Brown,49,72,,False,False,1627759,,substitution,substitution,,,,1627759|1628369|1628464|1629001|1629723|1630214|1630533|203935|203937,1627759|1628369|1628464|203935,1629001|1629723|1630214|1630533|203937,,,1610612738.0,22101223
3,PT12M00.00S,12:00,Q3 12:00,24.0,356,substitution,SUB in: A. Horford,['startperiod'],Horford,49,72,,False,False,201143,,substitution,3pt missed,,,,1627759|1628369|1628464|1629001|1629723|1630214|1630533|201143|203935|203937,1627759|1628369|1628464|201143|203935,1629001|1629723|1630214|1630533|203937,,,1610612738.0,22101223
3,PT11M49.00S,11:49,Q3 11:49,22.183333333333334,358,3pt,MISS Z. Williams 24' 3PT,[],Williams,49,72,Missed,True,False,1630533,,substitution,rebound,,,,1627759|1628369|1628464|1629001|1629723|1630214|1630533|201143|203935|203937,1629001|1629723|1630214|1630533|203937,1627759|1628369|1628464|201143|203935,-115.0,216.0,1610612763.0,22101223
3,PT11M45.00S,11:45,Q3 11:45,22.25,359,rebound,J. Tatum REBOUND (Off:0 Def:5),[],Tatum,49,72,,False,False,1628369,,3pt missed,2pt made,,,,1627759|1628369|1628464|1629001|1629723|1630214|1630533|201143|203935|203937,1627759|1628369|1628464|201143|203935,1629001|1629723|1630214|1630533|203937,,,1610612738.0,22101223
3,PT11M28.00S,11:28,Q3 11:28,22.533333333333335,360,2pt,A. Horford alley-oop Layup (13 PTS) (M. Smart 4 AST),['pointsinthepaint'],Horford,49,74,Made,True,True,201143,203935.0,rebound,2pt missed,,,,1627759|1628369|1628464|1629001|1629723|1630214|1630533|201143|203935|203937,1627759|1628369|1628464|201143|203935,1629001|1629723|1630214|1630533|203937,31.0,22.0,1610612738.0,22101223
3,PT11M16.00S,11:16,Q3 11:16,22.733333333333334,362,2pt,MISS D. Melton 14' pullup Shot,['pointsinthepaint'],Melton,49,74,Missed,True,False,1629001,,2pt made,rebound,,,,1627759|1628369|1628464|1629001|1629723|1630214|1630533|201143|203935|203937,1629001|1629723|1630214|1630533|203937,1627759|1628369|1628464|201143|203935,-48.0,134.0,1610612763.0,22101223
3,PT11M16.00S,11:16,Q3 11:16,22.733333333333334,363,rebound,TEAM offensive REBOUND,['team'],,49,74,,False,False,0,,2pt missed,foul,,,,1627759|1628369|1628464|1629001|1629723|1630214|1630533|201143|203935|203937,1629001|1629723|1630214|1630533|203937,1627759|1628369|1628464|201143|203935,,,1610612763.0,22101223
3,PT11M16.00S,11:16,Q3 11:16,22.733333333333334,364,foul,J. Tatum loose ball personal FOUL (2 PF),[],Tatum,49,74,,False,False,1628369,,rebound,2pt missed,1630214.0,,,1627759|1628369|1628464|1629001|1629723|1630214|1630533|201143|203935|203937,1627759|1628369|1628464|201143|203935,1629001|1629723|1630214|1630533|203937,,,1610612738.0,22101223
3,PT11M09.00S,11:09,Q3 11:09,22.85,366,2pt,MISS X. Tillman driving Layup - blocked,"['pointsinthepaint', '2ndchance']",Tillman,49,74,Missed,True,False,1630214,,foul,block,,,201143.0,1627759|1628369|1628464|1629001|1629723|1630214|1630533|201143|203935|203937,1629001|1629723|1630214|1630533|203937,1627759|1628369|1628464|201143|203935,-21.0,3.0,1610612763.0,22101223
3,PT11M09.00S,11:09,Q3 11:09,22.85,367,block,A. Horford BLOCK (1 BLK),[],Horford,49,74,,False,False,201143,,2pt missed,rebound,,,,1627759|1628369|1628464|1629001|1629723|1630214|1630533|201143|203935|203937,1627759|1628369|1628464|201143|203935,1629001|1629723|1630214|1630533|203937,,,1610612738.0,22101223
3,PT11M08.00S,11:08,Q3 11:08,22.866666666666667,368,rebound,J. Konchar REBOUND (Off:2 Def:1),[],Konchar,49,74,,False,False,1629723,,block,foul,,,,1627759|1628369|1628464|1629001|1629723|1630214|1630533|201143|203935|203937,1629001|1629723|1630214|1630533|203937,1627759|1628369|1628464|201143|203935,,,1610612763.0,22101223
3,PT11M08.00S,11:08,Q3 11:08,22.866666666666667,369,foul,J. Brown personal FOUL (4 PF),[],Brown,49,74,,False,False,1627759,,rebound,2pt made,1629723.0,,,1627759|1628369|1628464|1629001|1629723|1630214|1630533|201143|203935|203937,1627759|1628369|1628464|201143|203935,1629001|1629723|1630214|1630533|203937,,,1610612738.0,22101223
3,PT11M02.00S,11:02,Q3 11:02,22.966666666666665,371,2pt,K. Anderson driving Hook (14 PTS),"['pointsinthepaint', '2ndchance']",Anderson,51,74,Made,True,False,203937,,foul,2pt made,,,,1627759|1628369|1628464|1629001|1629723|1630214|1630533|201143|203935|203937,1629001|1629723|1630214|1630533|203937,1627759|1628369|1628464|201143|203935,12.0,58.0,1610612763.0,22101223
3,PT10M47.00S,10:47,Q3 10:47,21.216666666666665,372,2pt,J. Brown cutting DUNK (10 PTS) (A. Horford 1 AST),['pointsinthepaint'],Brown,51,76,Made,True,True,1627759,201143.0,2pt made,3pt missed,,,,1627759|1628369|1628464|1629001|1629723|1630214|1630533|201143|203935|203937,1627759|1628369|1628464|201143|203935,1629001|1629723|1630214|1630533|203937,5.0,11.0,1610612738.0,22101223
3,PT10M36.00S,10:36,Q3 10:36,21.4,374,3pt,MISS K. Anderson 24' 3PT,[],Anderson,51,76,Missed,True,False,203937,,2pt made,rebound,,,,1627759|1628369|1628464|1629001|1629723|1630214|1630533|201143|203935|203937,1629001|1629723|1630214|1630533|203937,1627759|1628369|1628464|201143|203935,175.0,168.0,1610612763.0,22101223
3,PT10M32.00S,10:32,Q3 10:32,21.466666666666665,375,rebound,X. Tillman REBOUND (Off:2 Def:1),[],Tillman,51,76,,False,False,1630214,,3pt missed,2pt made,,,,1627759|1628369|1628464|1629001|1629723|1630214|1630533|201143|203935|203937,1629001|1629723|1630214|1630533|203937,1627759|1628369|1628464|201143|203935,,,1610612763.0,22101223
3,PT10M31.00S,10:31,Q3 10:31,21.483333333333334,376,2pt,X. Tillman reverse Layup (5 PTS),"['pointsinthepaint', '2ndchance']",Tillman,53,76,Made,True,False,1630214,,rebound,3pt missed,,,,1627759|1628369|1628464|1629001|1629723|1630214|1630533|201143|203935|203937,1629001|1629723|1630214|1630533|203937,1627759|1628369|1628464|201143|203935,-13.0,6.0,1610612763.0,22101223
3,PT10M14.00S,10:14,Q3 10:14,21.766666666666666,377,3pt,MISS D. Theis 3PT,[],Theis,53,76,Missed,True,False,1628464,,2pt made,rebound,,,,1627759|1628369|1628464|1629001|1629723|1630214|1630533|201143|203935|203937,1627759|1628369|1628464|201143|203935,1629001|1629723|1630214|1630533|203937,-230.0,13.0,1610612738.0,22101223
3,PT10M11.00S,10:11,Q3 10:11,21.816666666666666,378,rebound,J. Konchar REBOUND (Off:2 Def:2),[],Konchar,53,76,,False,False,1629723,,3pt missed,turnover,,,,1627759|1628369|1628464|1629001|1629723|1630214|1630533|201143|203935|203937,1629001|1629723|1630214|1630533|203937,1627759|1628369|1628464|201143|203935,,,1610612763.0,22101223
3,PT10M08.00S,10:08,Q3 10:08,21.866666666666667,379,turnover,D. Melton traveling TURNOVER (1 TO),[],Melton,53,76,,False,False,1629001,,rebound,2pt made,,,,1627759|1628369|1628464|1629001|1629723|1630214|1630533|201143|203935|203937,1629001|1629723|1630214|1630533|203937,1627759|1628369|1628464|201143|203935,,,1610612763.0,22101223
3,PT09M51.00S,09:51,Q3 09:51,20.15,380,2pt,J. Brown driving Layup (12 PTS) (A. Horford 2 AST),"['pointsinthepaint', 'fromturnover']",Brown,53,78,Made,True,True,1627759,201143.0,turnover,2pt missed,,,,1627759|1628369|1628464|1629001|1629723|1630214|1630533|201143|203935|203937,1627759|1628369|1628464|201143|203935,1629001|1629723|1630214|1630533|203937,23.0,20.0,1610612738.0,22101223
3,PT09M37.00S,09:37,Q3 09:37,20.383333333333333,381,2pt,MISS K. Anderson 15' pullup Shot,[],Anderson,53,78,Missed,True,False,203937,,2pt made,rebound,,,,1627759|1628369|1628464|1629001|1629723|1630214|1630533|201143|203935|203937,1629001|1629723|1630214|1630533|203937,1627759|1628369|1628464|201143|203935,-34.0,147.0,1610612763.0,22101223
3,PT09M34.00S,09:34,Q3 09:34,20.433333333333334,382,rebound,J. Tatum REBOUND (Off:0 Def:6),[],Tatum,53,78,,False,False,1628369,,2pt missed,3pt missed,,,,1627759|1628369|1628464|1629001|1629723|1630214|1630533|201143|203935|203937,1627759|1628369|1628464|201143|203935,1629001|1629723|1630214|1630533|203937,,,1610612738.0,22101223
3,PT09M27.00S,09:27,Q3 09:27,20.55,383,3pt,MISS M. Smart 26' 3PT,[],Smart,53,78,Missed,True,False,203935,,rebound,rebound,,,,1627759|1628369|1628464|1629001|1629723|1630214|1630533|201143|203935|203937,1627759|1628369|1628464|201143|203935,1629001|1629723|1630214|1630533|203937,-173.0,206.0,1610612738.0,22101223
3,PT09M24.00S,09:24,Q3 09:24,20.6,384,rebound,K. Anderson REBOUND (Off:1 Def:4),[],Anderson,53,78,,False,False,203937,,3pt missed,2pt made,,,,1627759|1628369|1628464|1629001|1629723|1630214|1630533|201143|203935|203937,1629001|1629723|1630214|1630533|203937,1627759|1628369|1628464|201143|203935,,,1610612763.0,22101223
3,PT09M19.00S,09:19,Q3 09:19,20.683333333333334,385,2pt,J. Konchar running Layup (11 PTS) (Z. Williams 1 AST),"['pointsinthepaint', 'fastbreak']",Konchar,55,78,Made,True,True,1629723,1630533.0,rebound,2pt missed,,,,1627759|1628369|1628464|1629001|1629723|1630214|1630533|201143|203935|203937,1629001|1629723|1630214|1630533|203937,1627759|1628369|1628464|201143|203935,15.0,9.0,1610612763.0,22101223
3,PT09M07.00S,09:07,Q3 09:07,20.883333333333333,387,2pt,MISS A. Horford 12' Jump Shot,[],Horford,55,78,Missed,True,False,201143,,2pt made,rebound,,,,1627759|1628369|1628464|1629001|1629723|1630214|1630533|201143|203935|203937,1627759|1628369|1628464|201143|203935,1629001|1629723|1630214|1630533|203937,-121.0,23.0,1610612738.0,22101223
3,PT09M02.00S,09:02,Q3 09:02,20.966666666666665,388,rebound,D. Theis REBOUND (Off:4 Def:4),[],Theis,55,78,,False,False,1628464,,2pt missed,2pt missed,,,,1627759|1628369|1628464|1629001|1629723|1630214|1630533|201143|203935|203937,1627759|1628369|1628464|201143|203935,1629001|1629723|1630214|1630533|203937,,,1610612738.0,22101223
3,PT09M02.00S,09:02,Q3 09:02,20.966666666666665,389,2pt,MISS D. Theis tip Layup,"['2ndchance', 'pointsinthepaint']",Theis,55,78,Missed,True,False,1628464,,rebound,rebound,,,,1627759|1628369|1628464|1629001|1629723|1630214|1630533|201143|203935|203937,1627759|1628369|1628464|201143|203935,1629001|1629723|1630214|1630533|203937,0.0,0.0,1610612738.0,22101223
3,PT09M02.00S,09:02,Q3 09:02,20.966666666666665,390,rebound,K. Anderson REBOUND (Off:1 Def:5),[],Anderson,55,78,,False,False,203937,,2pt missed,3pt missed,,,,1627759|1628369|1628464|1629001|1629723|1630214|1630533|201143|203935|203937,1629001|1629723|1630214|1630533|203937,1627759|1628369|1628464|201143|203935,,,1610612763.0,22101223
3,PT08M55.00S,08:55,Q3 08:55,19.083333333333332,391,3pt,MISS J. Konchar 24' 3PT,['fastbreak'],Konchar,55,78,Missed,True,False,1629723,,rebound,rebound,,,,1627759|1628369|1628464|1629001|1629723|1630214|1630533|201143|203935|203937,1629001|1629723|1630214|1630533|203937,1627759|1628369|1628464|201143|203935,-112.0,218.0,1610612763.0,22101223
3,PT08M53.00S,08:53,Q3 08:53,19.116666666666667,392,rebound,J. Tatum REBOUND (Off:0 Def:7),[],Tatum,55,78,,False,False,1628369,,3pt missed,3pt missed,,,,1627759|1628369|1628464|1629001|1629723|1630214|1630533|201143|203935|203937,1627759|1628369|1628464|201143|203935,1629001|1629723|1630214|1630533|203937,,,1610612738.0,22101223
3,PT08M48.00S,08:48,Q3 08:48,19.2,393,3pt,MISS J. Tatum 24' pullup 3PT,['fastbreak'],Tatum,55,78,Missed,True,False,1628369,,rebound,rebound,,,,1627759|1628369|1628464|1629001|1629723|1630214|1630533|201143|203935|203937,1627759|1628369|1628464|201143|203935,1629001|1629723|1630214|1630533|203937,125.0,215.0,1610612738.0,22101223
3,PT08M47.00S,08:47,Q3 08:47,19.216666666666665,394,rebound,TEAM offensive REBOUND,['team'],,55,78,,False,False,0,,3pt missed,foul,,,,1627759|1628369|1628464|1629001|1629723|1630214|1630533|201143|203935|203937,1627759|1628369|1628464|201143|203935,1629001|1629723|1630214|1630533|203937,,,1610612738.0,22101223
3,PT08M47.00S,08:47,Q3 08:47,19.216666666666665,395,foul,X. Tillman loose ball personal FOUL (3 PF),[],Tillman,55,78,,False,False,1630214,,rebound,2pt made,1628464.0,,,1627759|1628369|1628464|1629001|1629723|1630214|1630533|201143|203935|203937,1629001|1629723|1630214|1630533|203937,1627759|1628369|1628464|201143|203935,,,1610612763.0,22101223
3,PT08M37.00S,08:37,Q3 08:37,19.383333333333333,397,2pt,J. Brown driving finger roll Layup (14 PTS),"['pointsinthepaint', '2ndchance']",Brown,55,80,Made,True,False,1627759,,foul,3pt made,,,,1627759|1628369|1628464|1629001|1629723|1630214|1630533|201143|203935|203937,1627759|1628369|1628464|201143|203935,1629001|1629723|1630214|1630533|203937,-25.0,22.0,1610612738.0,22101223
3,PT08M26.00S,08:26,Q3 08:26,19.566666666666666,398,3pt,Z. Williams 24' 3PT step back (8 PTS) (K. Anderson 3 AST),[],Williams,58,80,Made,True,True,1630533,203937.0,2pt made,turnover,,,,1627759|1628369|1628464|1629001|1629723|1630214|1630533|201143|203935|203937,1629001|1629723|1630214|1630533|203937,1627759|1628369|1628464|201143|203935,-151.0,194.0,1610612763.0,22101223
3,PT08M14.00S,08:14,Q3 08:14,19.766666666666666,400,turnover,J. Brown lost ball TURNOVER (3 TO),[],Brown,58,80,,False,False,1627759,,3pt made,steal,,203937.0,,1627759|1628369|1628464|1629001|1629723|1630214|1630533|201143|203935|203937,1627759|1628369|1628464|201143|203935,1629001|1629723|1630214|1630533|203937,,,1610612738.0,22101223
3,PT08M14.00S,08:14,Q3 08:14,19.766666666666666,401,steal,K. Anderson STEAL (3 STL),[],Anderson,58,80,,False,False,203937,,turnover,3pt missed,,,,1627759|1628369|1628464|1629001|1629723|1630214|1630533|201143|203935|203937,1629001|1629723|1630214|1630533|203937,1627759|1628369|1628464|201143|203935,,,1610612763.0,22101223
3,PT08M05.00S,08:05,Q3 08:05,19.916666666666668,402,3pt,MISS D. Melton 25' 3PT,['fromturnover'],Melton,58,80,Missed,True,False,1629001,,steal,rebound,,,,1627759|1628369|1628464|1629001|1629723|1630214|1630533|201143|203935|203937,1629001|1629723|1630214|1630533|203937,1627759|1628369|1628464|201143|203935,192.0,173.0,1610612763.0,22101223
3,PT08M01.00S,08:01,Q3 08:01,19.983333333333334,403,rebound,J. Tatum REBOUND (Off:0 Def:8),[],Tatum,58,80,,False,False,1628369,,3pt missed,3pt missed,,,,1627759|1628369|1628464|1629001|1629723|1630214|1630533|201143|203935|203937,1627759|1628369|1628464|201143|203935,1629001|1629723|1630214|1630533|203937,,,1610612738.0,22101223
3,PT07M46.00S,07:46,Q3 07:46,18.233333333333334,404,3pt,MISS M. Smart 26' 3PT,[],Smart,58,80,Missed,True,False,203935,,rebound,rebound,,,,1627759|1628369|1628464|1629001|1629723|1630214|1630533|201143|203935|203937,1627759|1628369|1628464|201143|203935,1629001|1629723|1630214|1630533|203937,-123.0,233.0,1610612738.0,22101223
3,PT07M44.00S,07:44,Q3 07:44,18.266666666666666,405,rebound,D. Theis REBOUND (Off:5 Def:4),[],Theis,58,80,,False,False,1628464,,3pt missed,2pt made,,,,1627759|1628369|1628464|1629001|1629723|1630214|1630533|201143|203935|203937,1627759|1628369|1628464|201143|203935,1629001|1629723|1630214|1630533|203937,,,1610612738.0,22101223
3,PT07M43.00S,07:43,Q3 07:43,18.283333333333335,406,2pt,D. Theis putback DUNK (9 PTS),"['pointsinthepaint', '2ndchance']",Theis,58,82,Made,True,False,1628464,,rebound,2pt made,,,,1627759|1628369|1628464|1629001|1629723|1630214|1630533|201143|203935|203937,1627759|1628369|1628464|201143|203935,1629001|1629723|1630214|1630533|203937,28.0,33.0,1610612738.0,22101223
3,PT07M27.00S,07:27,Q3 07:27,18.55,407,2pt,Z. Williams 8' driving floating Jump Shot (10 PTS),['pointsinthepaint'],Williams,60,82,Made,True,False,1630533,,2pt made,3pt made,,,,1627759|1628369|1628464|1629001|1629723|1630214|1630533|201143|203935|203937,1629001|1629723|1630214|1630533|203937,1627759|1628369|1628464|201143|203935,-59.0,58.0,1610612763.0,22101223
3,PT07M11.00S,07:11,Q3 07:11,18.816666666666666,408,3pt,J. Tatum 25' 3PT  (29 PTS) (D. Theis 3 AST),[],Tatum,60,85,Made,True,True,1628369,1628464.0,2pt made,turnover,,,,1627759|1628369|1628464|1629001|1629723|1630214|1630533|201143|203935|203937,1627759|1628369|1628464|201143|203935,1629001|1629723|1630214|1630533|203937,-189.0,169.0,1610612738.0,22101223
3,PT06M55.00S,06:55,Q3 06:55,17.083333333333332,410,turnover,J. Konchar lost ball out-of-bounds TURNOVER (2 TO),[],Konchar,60,85,,False,False,1629723,,3pt made,timeout,,,,1627759|1628369|1628464|1629001|1629723|1630214|1630533|201143|203935|203937,1629001|1629723|1630214|1630533|203937,1627759|1628369|1628464|201143|203935,,,1610612763.0,22101223
3,PT06M55.00S,06:55,Q3 06:55,17.083333333333332,411,timeout,MEM Timeout,"['team', 'mandatory']",,60,85,,False,False,0,,turnover,2pt missed,,,,1627759|1628369|1628464|1629001|1629723|1630214|1630533|201143|203935|203937,1629001|1629723|1630214|1630533|203937,1627759|1628369|1628464|201143|203935,,,1610612763.0,22101223
3,PT06M37.00S,06:37,Q3 06:37,17.383333333333333,413,2pt,MISS D. Theis Layup - blocked,"['pointsinthepaint', 'fromturnover']",Theis,60,85,Missed,True,False,1628464,,timeout,block,,,203937.0,1627759|1628369|1628464|1629001|1629723|1630214|1630533|201143|203935|203937,1627759|1628369|1628464|201143|203935,1629001|1629723|1630214|1630533|203937,2.0,17.0,1610612738.0,22101223
3,PT06M37.00S,06:37,Q3 06:37,17.383333333333333,414,block,K. Anderson BLOCK (2 BLK),[],Anderson,60,85,,False,False,203937,,2pt missed,rebound,,,,1627759|1628369|1628464|1629001|1629723|1630214|1630533|201143|203935|203937,1629001|1629723|1630214|1630533|203937,1627759|1628369|1628464|201143|203935,,,1610612763.0,22101223
3,PT06M34.00S,06:34,Q3 06:34,17.433333333333334,415,rebound,D. Melton REBOUND (Off:1 Def:2),[],Melton,60,85,,False,False,1629001,,block,2pt made,,,,1627759|1628369|1628464|1629001|1629723|1630214|1630533|201143|203935|203937,1629001|1629723|1630214|1630533|203937,1627759|1628369|1628464|201143|203935,,,1610612763.0,22101223
3,PT06M32.00S,06:32,Q3 06:32,17.466666666666665,416,2pt,Z. Williams running DUNK (12 PTS) (D. Melton 3 AST),"['pointsinthepaint', 'fastbreak']",Williams,62,85,Made,True,True,1630533,1629001.0,rebound,2pt made,,,,1627759|1628369|1628464|1629001|1629723|1630214|1630533|201143|203935|203937,1629001|1629723|1630214|1630533|203937,1627759|1628369|1628464|201143|203935,-12.0,-2.0,1610612763.0,22101223
3,PT06M17.00S,06:17,Q3 06:17,17.716666666666665,418,2pt,J. Tatum cutting Layup (31 PTS) (M. Smart 5 AST),['pointsinthepaint'],Tatum,62,87,Made,True,True,1628369,203935.0,2pt made,3pt missed,,,,1627759|1628369|1628464|1629001|1629723|1630214|1630533|201143|203935|203937,1627759|1628369|1628464|201143|203935,1629001|1629723|1630214|1630533|203937,-25.0,12.0,1610612738.0,22101223
3,PT06M11.00S,06:11,Q3 06:11,17.816666666666666,420,3pt,MISS D. Melton 24' running pullup 3PT,[],Melton,62,87,Missed,True,False,1629001,,2pt made,rebound,,,,1627759|1628369|1628464|1629001|1629723|1630214|1630533|201143|203935|203937,1629001|1629723|1630214|1630533|203937,1627759|1628369|1628464|201143|203935,-34.0,243.0,1610612763.0,22101223
3,PT06M07.00S,06:07,Q3 06:07,17.883333333333333,421,rebound,A. Horford REBOUND (Off:0 Def:5),[],Horford,62,87,,False,False,201143,,3pt missed,2pt made,,,,1627759|1628369|1628464|1629001|1629723|1630214|1630533|201143|203935|203937,1627759|1628369|1628464|201143|203935,1629001|1629723|1630214|1630533|203937,,,1610612738.0,22101223
3,PT06M01.00S,06:01,Q3 06:01,17.983333333333334,422,2pt,J. Brown Layup (16 PTS) (M. Smart 6 AST),['pointsinthepaint'],Brown,62,89,Made,True,True,1627759,203935.0,rebound,3pt made,,,,1627759|1628369|1628464|1629001|1629723|1630214|1630533|201143|203935|203937,1627759|1628369|1628464|201143|203935,1629001|1629723|1630214|1630533|203937,-32.0,18.0,1610612738.0,22101223
3,PT05M45.00S,05:45,Q3 05:45,16.25,424,3pt,Z. Williams 25' 3PT  (15 PTS) (D. Melton 4 AST),[],Williams,65,89,Made,True,True,1630533,1629001.0,2pt made,2pt made,,,,1627759|1628369|1628464|1629001|1629723|1630214|1630533|201143|203935|203937,1629001|1629723|1630214|1630533|203937,1627759|1628369|1628464|201143|203935,172.0,192.0,1610612763.0,22101223
3,PT05M28.00S,05:28,Q3 05:28,16.533333333333335,426,2pt,J. Brown driving Layup (18 PTS) (J. Tatum 3 AST),['pointsinthepaint'],Brown,65,91,Made,True,True,1627759,1628369.0,3pt made,3pt missed,,,,1627759|1628369|1628464|1629001|1629723|1630214|1630533|201143|203935|203937,1627759|1628369|1628464|201143|203935,1629001|1629723|1630214|1630533|203937,34.0,31.0,1610612738.0,22101223
3,PT05M13.00S,05:13,Q3 05:13,16.783333333333335,428,3pt,MISS Z. Williams 24' step back 3PT,[],Williams,65,91,Missed,True,False,1630533,,2pt made,rebound,,,,1627759|1628369|1628464|1629001|1629723|1630214|1630533|201143|203935|203937,1629001|1629723|1630214|1630533|203937,1627759|1628369|1628464|201143|203935,214.0,116.0,1610612763.0,22101223
3,PT05M09.00S,05:09,Q3 05:09,16.85,429,rebound,A. Horford REBOUND (Off:0 Def:6),[],Horford,65,91,,False,False,201143,,3pt missed,2pt missed,,,,1627759|1628369|1628464|1629001|1629723|1630214|1630533|201143|203935|203937,1627759|1628369|1628464|201143|203935,1629001|1629723|1630214|1630533|203937,,,1610612738.0,22101223
3,PT05M01.00S,05:01,Q3 05:01,16.983333333333334,430,2pt,MISS J. Brown 7' driving Layup - blocked,['pointsinthepaint'],Brown,65,91,Missed,True,False,1627759,,rebound,block,,,1629001.0,1627759|1628369|1628464|1629001|1629723|1630214|1630533|201143|203935|203937,1627759|1628369|1628464|201143|203935,1629001|1629723|1630214|1630533|203937,34.0,63.0,1610612738.0,22101223
3,PT05M01.00S,05:01,Q3 05:01,16.983333333333334,431,block,D. Melton BLOCK (1 BLK),[],Melton,65,91,,False,False,1629001,,2pt missed,rebound,,,,1627759|1628369|1628464|1629001|1629723|1630214|1630533|201143|203935|203937,1629001|1629723|1630214|1630533|203937,1627759|1628369|1628464|201143|203935,,,1610612763.0,22101223
3,PT04M58.00S,04:58,Q3 04:58,15.033333333333333,432,rebound,Z. Williams REBOUND (Off:1 Def:2),[],Williams,65,91,,False,False,1630533,,block,2pt missed,,,,1627759|1628369|1628464|1629001|1629723|1630214|1630533|201143|203935|203937,1629001|1629723|1630214|1630533|203937,1627759|1628369|1628464|201143|203935,,,1610612763.0,22101223
3,PT04M55.00S,04:55,Q3 04:55,15.083333333333334,433,2pt,MISS Z. Williams 11' driving floating Shot,"['pointsinthepaint', 'fastbreak']",Williams,65,91,Missed,True,False,1630533,,rebound,rebound,,,,1627759|1628369|1628464|1629001|1629723|1630214|1630533|201143|203935|203937,1629001|1629723|1630214|1630533|203937,1627759|1628369|1628464|201143|203935,-31.0,108.0,1610612763.0,22101223
3,PT04M51.00S,04:51,Q3 04:51,15.15,434,rebound,J. Tatum REBOUND (Off:0 Def:9),[],Tatum,65,91,,False,False,1628369,,2pt missed,3pt missed,,,,1627759|1628369|1628464|1629001|1629723|1630214|1630533|201143|203935|203937,1627759|1628369|1628464|201143|203935,1629001|1629723|1630214|1630533|203937,,,1610612738.0,22101223
3,PT04M48.00S,04:48,Q3 04:48,15.2,435,3pt,MISS J. Brown running 3PT,['fastbreak'],Brown,65,91,Missed,True,False,1627759,,rebound,rebound,,,,1627759|1628369|1628464|1629001|1629723|1630214|1630533|201143|203935|203937,1627759|1628369|1628464|201143|203935,1629001|1629723|1630214|1630533|203937,-233.0,28.0,1610612738.0,22101223
3,PT04M43.00S,04:43,Q3 04:43,15.283333333333333,436,rebound,J. Konchar REBOUND (Off:2 Def:3),[],Konchar,65,91,,False,False,1629723,,3pt missed,3pt missed,,,,1627759|1628369|1628464|1629001|1629723|1630214|1630533|201143|203935|203937,1629001|1629723|1630214|1630533|203937,1627759|1628369|1628464|201143|203935,,,1610612763.0,22101223
3,PT04M39.00S,04:39,Q3 04:39,15.35,437,3pt,MISS Z. Williams running 3PT,['fastbreak'],Williams,65,91,Missed,True,False,1630533,,rebound,rebound,,,,1627759|1628369|1628464|1629001|1629723|1630214|1630533|201143|203935|203937,1629001|1629723|1630214|1630533|203937,1627759|1628369|1628464|201143|203935,-221.0,15.0,1610612763.0,22101223
3,PT04M36.00S,04:36,Q3 04:36,15.4,438,rebound,J. Konchar REBOUND (Off:3 Def:3),[],Konchar,65,91,,False,False,1629723,,3pt missed,2pt made,,,,1627759|1628369|1628464|1629001|1629723|1630214|1630533|201143|203935|203937,1629001|1629723|1630214|1630533|203937,1627759|1628369|1628464|201143|203935,,,1610612763.0,22101223
3,PT04M36.00S,04:36,Q3 04:36,15.4,439,2pt,J. Konchar tip Layup (13 PTS),"['2ndchance', 'fastbreak', 'pointsinthepaint']",Konchar,67,91,Made,True,False,1629723,,rebound,timeout,,,,1627759|1628369|1628464|1629001|1629723|1630214|1630533|201143|203935|203937,1629001|1629723|1630214|1630533|203937,1627759|1628369|1628464|201143|203935,0.0,0.0,1610612763.0,22101223
3,PT04M36.00S,04:36,Q3 04:36,15.4,440,timeout,BOS Timeout,"['team', 'mandatory']",,67,91,,False,False,0,,2pt made,substitution,,,,1627759|1628369|1628464|1629001|1629723|1630214|1630533|201143|203935|203937,1627759|1628369|1628464|201143|203935,1629001|1629723|1630214|1630533|203937,,,1610612738.0,22101223
3,PT04M36.00S,04:36,Q3 04:36,15.4,441,substitution,SUB out: D. Melton,[],Melton,67,91,,False,False,1629001,,timeout,substitution,,,,1627759|1628369|1628464|1629723|1630214|1630533|201143|203935|203937,1629723|1630214|1630533|203937,1627759|1628369|1628464|201143|203935,,,1610612763.0,22101223
3,PT04M36.00S,04:36,Q3 04:36,15.4,442,substitution,SUB out: K. Anderson,[],Anderson,67,91,,False,False,203937,,substitution,substitution,,,,1627759|1628369|1628464|1629723|1630214|1630533|201143|203935,1629723|1630214|1630533,1627759|1628369|1628464|201143|203935,,,1610612763.0,22101223
3,PT04M36.00S,04:36,Q3 04:36,15.4,443,substitution,SUB out: J. Tatum,[],Tatum,67,91,,False,False,1628369,,substitution,substitution,,,,1627759|1628464|1629723|1630214|1630533|201143|203935,1627759|1628464|201143|203935,1629723|1630214|1630533,,,1610612738.0,22101223
3,PT04M36.00S,04:36,Q3 04:36,15.4,444,substitution,SUB out: A. Horford,[],Horford,67,91,,False,False,201143,,substitution,substitution,,,,1627759|1628464|1629723|1630214|1630533|203935,1627759|1628464|203935,1629723|1630214|1630533,,,1610612738.0,22101223
3,PT04M36.00S,04:36,Q3 04:36,15.4,445,substitution,SUB in: S. Aldama,[],Aldama,67,91,,False,False,1630583,,substitution,substitution,,,,1627759|1628464|1629723|1630214|1630533|1630583|203935,1629723|1630214|1630533|1630583,1627759|1628464|203935,,,1610612763.0,22101223
3,PT04M36.00S,04:36,Q3 04:36,15.4,446,substitution,SUB in: J. Culver,[],Culver,67,91,,False,False,1629633,,substitution,substitution,,,,1627759|1628464|1629633|1629723|1630214|1630533|1630583|203935,1629633|1629723|1630214|1630533|1630583,1627759|1628464|203935,,,1610612763.0,22101223
3,PT04M36.00S,04:36,Q3 04:36,15.4,447,substitution,SUB in: D. White,[],White,67,91,,False,False,1628401,,substitution,substitution,,,,1627759|1628401|1628464|1629633|1629723|1630214|1630533|1630583|203935,1627759|1628401|1628464|203935,1629633|1629723|1630214|1630533|1630583,,,1610612738.0,22101223
3,PT04M36.00S,04:36,Q3 04:36,15.4,448,substitution,SUB in: G. Williams,[],Williams,67,91,,False,False,1629684,,substitution,3pt missed,,,,1627759|1628401|1628464|1629633|1629684|1629723|1630214|1630533|1630583|203935,1627759|1628401|1628464|1629684|203935,1629633|1629723|1630214|1630533|1630583,,,1610612738.0,22101223
3,PT04M18.00S,04:18,Q3 04:18,15.7,450,3pt,MISS J. Brown 27' 3PT,[],Brown,67,91,Missed,True,False,1627759,,substitution,rebound,,,,1627759|1628401|1628464|1629633|1629684|1629723|1630214|1630533|1630583|203935,1627759|1628401|1628464|1629684|203935,1629633|1629723|1630214|1630533|1630583,-140.0,236.0,1610612738.0,22101223
3,PT04M14.00S,04:14,Q3 04:14,15.766666666666667,451,rebound,D. White REBOUND (Off:1 Def:3),[],White,67,91,,False,False,1628401,,3pt missed,3pt missed,,,,1627759|1628401|1628464|1629633|1629684|1629723|1630214|1630533|1630583|203935,1627759|1628401|1628464|1629684|203935,1629633|1629723|1630214|1630533|1630583,,,1610612738.0,22101223
3,PT04M04.00S,04:04,Q3 04:04,15.933333333333334,453,3pt,MISS J. Brown 27' step back 3PT,['2ndchance'],Brown,67,91,Missed,True,False,1627759,,rebound,rebound,,,,1627759|1628401|1628464|1629633|1629684|1629723|1630214|1630533|1630583|203935,1627759|1628401|1628464|1629684|203935,1629633|1629723|1630214|1630533|1630583,159.0,230.0,1610612738.0,22101223
3,PT04M01.00S,04:01,Q3 04:01,15.983333333333333,454,rebound,Z. Williams REBOUND (Off:1 Def:3),[],Williams,67,91,,False,False,1630533,,3pt missed,3pt made,,,,1627759|1628401|1628464|1629633|1629684|1629723|1630214|1630533|1630583|203935,1629633|1629723|1630214|1630533|1630583,1627759|1628401|1628464|1629684|203935,,,1610612763.0,22101223
3,PT03M53.00S,03:53,Q3 03:53,14.116666666666667,455,3pt,Z. Williams 25' 3PT pullup (18 PTS),['fastbreak'],Williams,70,91,Made,True,False,1630533,,rebound,2pt made,,,,1627759|1628401|1628464|1629633|1629684|1629723|1630214|1630533|1630583|203935,1629633|1629723|1630214|1630533|1630583,1627759|1628401|1628464|1629684|203935,200.0,155.0,1610612763.0,22101223
3,PT03M40.00S,03:40,Q3 03:40,14.333333333333334,456,2pt,M. Smart 6' driving floating Jump Shot (4 PTS),['pointsinthepaint'],Smart,70,93,Made,True,False,203935,,3pt made,3pt missed,,,,1627759|1628401|1628464|1629633|1629684|1629723|1630214|1630533|1630583|203935,1627759|1628401|1628464|1629684|203935,1629633|1629723|1630214|1630533|1630583,7.0,60.0,1610612738.0,22101223
3,PT03M31.00S,03:31,Q3 03:31,14.483333333333333,457,3pt,MISS Z. Williams 25' pullup 3PT,[],Williams,70,93,Missed,True,False,1630533,,2pt made,rebound,,,,1627759|1628401|1628464|1629633|1629684|1629723|1630214|1630533|1630583|203935,1629633|1629723|1630214|1630533|1630583,1627759|1628401|1628464|1629684|203935,114.0,232.0,1610612763.0,22101223
3,PT03M28.00S,03:28,Q3 03:28,14.533333333333333,458,rebound,J. Brown REBOUND (Off:0 Def:3),[],Brown,70,93,,False,False,1627759,,3pt missed,2pt made,,,,1627759|1628401|1628464|1629633|1629684|1629723|1630214|1630533|1630583|203935,1627759|1628401|1628464|1629684|203935,1629633|1629723|1630214|1630533|1630583,,,1610612738.0,22101223
3,PT03M24.00S,03:24,Q3 03:24,14.6,459,2pt,D. Theis running DUNK (11 PTS) (J. Brown 4 AST),"['pointsinthepaint', 'fastbreak']",Theis,70,95,Made,True,True,1628464,1627759.0,rebound,3pt made,,,,1627759|1628401|1628464|1629633|1629684|1629723|1630214|1630533|1630583|203935,1627759|1628401|1628464|1629684|203935,1629633|1629723|1630214|1630533|1630583,-4.0,11.0,1610612738.0,22101223
3,PT03M02.00S,03:02,Q3 03:02,14.966666666666667,461,3pt,S. Aldama 3PT  (11 PTS) (J. Konchar 7 AST),[],Aldama,73,95,Made,True,True,1630583,1629723.0,2pt made,3pt made,,,,1627759|1628401|1628464|1629633|1629684|1629723|1630214|1630533|1630583|203935,1629633|1629723|1630214|1630533|1630583,1627759|1628401|1628464|1629684|203935,228.0,41.0,1610612763.0,22101223
3,PT02M37.00S,02:37,Q3 02:37,13.383333333333333,463,3pt,G. Williams 3PT  (3 PTS) (D. White 3 AST),[],Williams,73,98,Made,True,True,1629684,1628401.0,3pt made,2pt made,,,,1627759|1628401|1628464|1629633|1629684|1629723|1630214|1630533|1630583|203935,1627759|1628401|1628464|1629684|203935,1629633|1629723|1630214|1630533|1630583,-230.0,18.0,1610612738.0,22101223
3,PT02M26.00S,02:26,Q3 02:26,13.566666666666666,465,2pt,S. Aldama Layup (13 PTS) (J. Culver 1 AST),['pointsinthepaint'],Aldama,75,98,Made,True,True,1630583,1629633.0,3pt made,2pt missed,,,,1627759|1628401|1628464|1629633|1629684|1629723|1630214|1630533|1630583|203935,1629633|1629723|1630214|1630533|1630583,1627759|1628401|1628464|1629684|203935,-16.0,5.0,1610612763.0,22101223
3,PT02M08.00S,02:08,Q3 02:08,13.866666666666667,467,2pt,MISS M. Smart 8' turnaround Hook,['pointsinthepaint'],Smart,75,98,Missed,True,False,203935,,2pt made,rebound,,,,1627759|1628401|1628464|1629633|1629684|1629723|1630214|1630533|1630583|203935,1627759|1628401|1628464|1629684|203935,1629633|1629723|1630214|1630533|1630583,-65.0,52.0,1610612738.0,22101223
3,PT02M05.00S,02:05,Q3 02:05,13.916666666666666,468,rebound,S. Aldama REBOUND (Off:3 Def:1),[],Aldama,75,98,,False,False,1630583,,2pt missed,2pt missed,,,,1627759|1628401|1628464|1629633|1629684|1629723|1630214|1630533|1630583|203935,1629633|1629723|1630214|1630533|1630583,1627759|1628401|1628464|1629684|203935,,,1610612763.0,22101223
3,PT02M02.00S,02:02,Q3 02:02,13.966666666666667,469,2pt,MISS X. Tillman running DUNK,"['pointsinthepaint', 'fastbreak']",Tillman,75,98,Missed,True,False,1630214,,rebound,rebound,,,,1627759|1628401|1628464|1629633|1629684|1629723|1630214|1630533|1630583|203935,1629633|1629723|1630214|1630533|1630583,1627759|1628401|1628464|1629684|203935,6.0,6.0,1610612763.0,22101223
3,PT01M59.00S,01:59,Q3 01:59,12.016666666666667,470,rebound,J. Konchar REBOUND (Off:4 Def:3),[],Konchar,75,98,,False,False,1629723,,2pt missed,3pt missed,,,,1627759|1628401|1628464|1629633|1629684|1629723|1630214|1630533|1630583|203935,1629633|1629723|1630214|1630533|1630583,1627759|1628401|1628464|1629684|203935,,,1610612763.0,22101223
3,PT01M58.00S,01:58,Q3 01:58,12.033333333333333,471,3pt,MISS S. Aldama 25' 3PT,['2ndchance'],Aldama,75,98,Missed,True,False,1630583,,rebound,rebound,,,,1627759|1628401|1628464|1629633|1629684|1629723|1630214|1630533|1630583|203935,1629633|1629723|1630214|1630533|1630583,1627759|1628401|1628464|1629684|203935,194.0,167.0,1610612763.0,22101223
3,PT01M58.00S,01:58,Q3 01:58,12.033333333333333,472,rebound,J. Konchar REBOUND (Off:5 Def:3),[],Konchar,75,98,,False,False,1629723,,3pt missed,2pt missed,,,,1627759|1628401|1628464|1629633|1629684|1629723|1630214|1630533|1630583|203935,1629633|1629723|1630214|1630533|1630583,1627759|1628401|1628464|1629684|203935,,,1610612763.0,22101223
3,PT01M49.00S,01:49,Q3 01:49,12.183333333333334,473,2pt,MISS S. Aldama 12' turnaround fadeaway Shot,"['pointsinthepaint', '2ndchance']",Aldama,75,98,Missed,True,False,1630583,,rebound,rebound,,,,1627759|1628401|1628464|1629633|1629684|1629723|1630214|1630533|1630583|203935,1629633|1629723|1630214|1630533|1630583,1627759|1628401|1628464|1629684|203935,25.0,119.0,1610612763.0,22101223
3,PT01M44.00S,01:44,Q3 01:44,12.266666666666667,474,rebound,G. Williams REBOUND (Off:0 Def:2),[],Williams,75,98,,False,False,1629684,,2pt missed,3pt missed,,,,1627759|1628401|1628464|1629633|1629684|1629723|1630214|1630533|1630583|203935,1627759|1628401|1628464|1629684|203935,1629633|1629723|1630214|1630533|1630583,,,1610612738.0,22101223
3,PT01M26.00S,01:26,Q3 01:26,12.566666666666666,475,3pt,MISS J. Brown 27' step back 3PT,[],Brown,75,98,Missed,True,False,1627759,,rebound,rebound,,,,1627759|1628401|1628464|1629633|1629684|1629723|1630214|1630533|1630583|203935,1627759|1628401|1628464|1629684|203935,1629633|1629723|1630214|1630533|1630583,-51.0,270.0,1610612738.0,22101223
3,PT01M23.00S,01:23,Q3 01:23,12.616666666666667,476,rebound,D. Theis REBOUND (Off:6 Def:4),[],Theis,75,98,,False,False,1628464,,3pt missed,foul,,,,1627759|1628401|1628464|1629633|1629684|1629723|1630214|1630533|1630583|203935,1627759|1628401|1628464|1629684|203935,1629633|1629723|1630214|1630533|1630583,,,1610612738.0,22101223
3,PT01M13.00S,01:13,Q3 01:13,12.783333333333333,477,foul,J. Culver shooting personal FOUL (3 PF) (Williams 2 FT),['2freethrow'],Culver,75,98,,False,False,1629633,,rebound,freethrow,1629684.0,,,1627759|1628401|1628464|1629633|1629684|1629723|1630214|1630533|1630583|203935,1629633|1629723|1630214|1630533|1630583,1627759|1628401|1628464|1629684|203935,,,1610612763.0,22101223
3,PT01M13.00S,01:13,Q3 01:13,12.783333333333333,479,freethrow,G. Williams Free Throw 1 of 2 (4 PTS),['2ndchance'],Williams,75,99,Made,False,False,1629684,,foul,freethrow,,,,1627759|1628401|1628464|1629633|1629684|1629723|1630214|1630533|1630583|203935,1627759|1628401|1628464|1629684|203935,1629633|1629723|1630214|1630533|1630583,,,1610612738.0,22101223
3,PT01M13.00S,01:13,Q3 01:13,12.783333333333333,490,freethrow,G. Williams Free Throw 2 of 2 (5 PTS),['2ndchance'],Williams,75,100,Made,False,False,1629684,,freethrow,substitution,,,,1627759|1628401|1628464|1629633|1629684|1629723|1630214|1630533|1630583|203935,1627759|1628401|1628464|1629684|203935,1629633|1629723|1630214|1630533|1630583,,,1610612738.0,22101223
3,PT01M13.00S,01:13,Q3 01:13,12.783333333333333,480,substitution,SUB out: X. Tillman,[],Tillman,75,99,,False,False,1630214,,freethrow,substitution,,,,1627759|1628401|1628464|1629633|1629684|1629723|1630533|1630583|203935,1629633|1629723|1630533|1630583,1627759|1628401|1628464|1629684|203935,,,1610612763.0,22101223
3,PT01M13.00S,01:13,Q3 01:13,12.783333333333333,481,substitution,SUB out: Z. Williams,[],Williams,75,99,,False,False,1630533,,substitution,substitution,,,,1627759|1628401|1628464|1629633|1629684|1629723|1630583|203935,1629633|1629723|1630583,1627759|1628401|1628464|1629684|203935,,,1610612763.0,22101223
3,PT01M13.00S,01:13,Q3 01:13,12.783333333333333,482,substitution,SUB out: J. Brown,[],Brown,75,99,,False,False,1627759,,substitution,substitution,,,,1628401|1628464|1629633|1629684|1629723|1630583|203935,1628401|1628464|1629684|203935,1629633|1629723|1630583,,,1610612738.0,22101223
3,PT01M13.00S,01:13,Q3 01:13,12.783333333333333,483,substitution,SUB out: D. Theis,[],Theis,75,99,,False,False,1628464,,substitution,substitution,,,,1628401|1629633|1629684|1629723|1630583|203935,1628401|1629684|203935,1629633|1629723|1630583,,,1610612738.0,22101223
3,PT01M13.00S,01:13,Q3 01:13,12.783333333333333,484,substitution,SUB out: M. Smart,[],Smart,75,99,,False,False,203935,,substitution,substitution,,,,1628401|1629633|1629684|1629723|1630583,1628401|1629684,1629633|1629723|1630583,,,1610612738.0,22101223
3,PT01M13.00S,01:13,Q3 01:13,12.783333333333333,485,substitution,SUB in: Y. Pons,[],Pons,75,99,,False,False,1630582,,substitution,substitution,,,,1628401|1629633|1629684|1629723|1630582|1630583,1629633|1629723|1630582|1630583,1628401|1629684,,,1610612763.0,22101223
3,PT01M13.00S,01:13,Q3 01:13,12.783333333333333,486,substitution,SUB in: D. Melton,[],Melton,75,99,,False,False,1629001,,substitution,substitution,,,,1628401|1629001|1629633|1629684|1629723|1630582|1630583,1629001|1629633|1629723|1630582|1630583,1628401|1629684,,,1610612763.0,22101223
3,PT01M13.00S,01:13,Q3 01:13,12.783333333333333,487,substitution,SUB in: L. Kornet,[],Kornet,75,99,,False,False,1628436,,substitution,substitution,,,,1628401|1628436|1629001|1629633|1629684|1629723|1630582|1630583,1628401|1628436|1629684,1629001|1629633|1629723|1630582|1630583,,,1610612738.0,22101223
3,PT01M13.00S,01:13,Q3 01:13,12.783333333333333,488,substitution,SUB in: A. Nesmith,[],Nesmith,75,99,,False,False,1630174,,substitution,substitution,,,,1628401|1628436|1629001|1629633|1629684|1629723|1630174|1630582|1630583,1628401|1628436|1629684|1630174,1629001|1629633|1629723|1630582|1630583,,,1610612738.0,22101223
3,PT01M13.00S,01:13,Q3 01:13,12.783333333333333,489,substitution,SUB in: P. Pritchard,[],Pritchard,75,99,,False,False,1630202,,substitution,2pt missed,,,,1628401|1628436|1629001|1629633|1629684|1629723|1630174|1630202|1630582|1630583,1628401|1628436|1629684|1630174|1630202,1629001|1629633|1629723|1630582|1630583,,,1610612738.0,22101223
3,PT00M55.00S,00:55,Q3 00:55,11.083333333333334,491,2pt,MISS D. Melton 9' driving floating bank Shot,['pointsinthepaint'],Melton,75,100,Missed,True,False,1629001,,substitution,rebound,,,,1628401|1628436|1629001|1629633|1629684|1629723|1630174|1630202|1630582|1630583,1629001|1629633|1629723|1630582|1630583,1628401|1628436|1629684|1630174|1630202,62.0,72.0,1610612763.0,22101223
3,PT00M53.90S,00:53,Q3 00:53,11.116666666666667,492,rebound,TEAM defensive REBOUND,['team'],,75,100,,False,False,0,,2pt missed,3pt missed,,,,1628401|1628436|1629001|1629633|1629684|1629723|1630174|1630202|1630582|1630583,1628401|1628436|1629684|1630174|1630202,1629001|1629633|1629723|1630582|1630583,,,1610612738.0,22101223
3,PT00M34.90S,00:34,Q3 00:34,11.433333333333334,494,3pt,MISS D. White 26' step back 3PT,[],White,75,100,Missed,True,False,1628401,,rebound,rebound,,,,1628401|1628436|1629001|1629633|1629684|1629723|1630174|1630202|1630582|1630583,1628401|1628436|1629684|1630174|1630202,1629001|1629633|1629723|1630582|1630583,-158.0,212.0,1610612738.0,22101223
3,PT00M30.60S,00:30,Q3 00:30,11.5,495,rebound,L. Kornet REBOUND (Off:1 Def:0),[],Kornet,75,100,,False,False,1628436,,3pt missed,2pt made,,,,1628401|1628436|1629001|1629633|1629684|1629723|1630174|1630202|1630582|1630583,1628401|1628436|1629684|1630174|1630202,1629001|1629633|1629723|1630582|1630583,,,1610612738.0,22101223
3,PT00M29.40S,00:29,Q3 00:29,11.516666666666667,496,2pt,P. Pritchard driving reverse Layup (12 PTS) (L. Kornet 1 AST),"['pointsinthepaint', '2ndchance']",Pritchard,75,102,Made,True,True,1630202,1628436.0,rebound,2pt missed,,,,1628401|1628436|1629001|1629633|1629684|1629723|1630174|1630202|1630582|1630583,1628401|1628436|1629684|1630174|1630202,1629001|1629633|1629723|1630582|1630583,-23.0,23.0,1610612738.0,22101223
3,PT00M09.30S,00:09,Q3 00:09,11.85,498,2pt,MISS D. Melton 10' turnaround fadeaway Shot,[],Melton,75,102,Missed,True,False,1629001,,2pt made,rebound,,,,1628401|1628436|1629001|1629633|1629684|1629723|1630174|1630202|1630582|1630583,1629001|1629633|1629723|1630582|1630583,1628401|1628436|1629684|1630174|1630202,-97.0,29.0,1610612763.0,22101223
3,PT00M07.30S,00:07,Q3 00:07,11.883333333333333,499,rebound,J. Konchar REBOUND (Off:6 Def:3),[],Konchar,75,102,,False,False,1629723,,2pt missed,2pt made,,,,1628401|1628436|1629001|1629633|1629684|1629723|1630174|1630202|1630582|1630583,1629001|1629633|1629723|1630582|1630583,1628401|1628436|1629684|1630174|1630202,,,1610612763.0,22101223
3,PT00M07.30S,00:07,Q3 00:07,11.883333333333333,500,2pt,J. Konchar tip Layup (15 PTS),"['pointsinthepaint', '2ndchance']",Konchar,77,102,Made,True,False,1629723,,rebound,2pt made,,,,1628401|1628436|1629001|1629633|1629684|1629723|1630174|1630202|1630582|1630583,1629001|1629633|1629723|1630582|1630583,1628401|1628436|1629684|1630174|1630202,0.0,0.0,1610612763.0,22101223
3,PT00M02.50S,00:02,Q3 00:02,11.966666666666667,501,2pt,L. Kornet running alley-oop DUNK (2 PTS) (P. Pritchard 1 AST),['pointsinthepaint'],Kornet,77,104,Made,True,True,1628436,1630202.0,2pt made,2pt made,,,,1628401|1628436|1629001|1629633|1629684|1629723|1630174|1630202|1630582|1630583,1628401|1628436|1629684|1630174|1630202,1629001|1629633|1629723|1630582|1630583,-16.0,8.0,1610612738.0,22101223
3,PT00M00.20S,00:00,Q3 00:00,12.0,503,2pt,J. Culver 14' fadeaway Jump Shot (2 PTS) (D. Melton 5 AST),[],Culver,79,104,Made,True,True,1629633,1629001.0,2pt made,substitution,,,,1628401|1628436|1629001|1629633|1629684|1629723|1630174|1630202|1630582|1630583,1629001|1629633|1629723|1630582|1630583,1628401|1628436|1629684|1630174|1630202,140.0,-8.0,1610612763.0,22101223
4,PT12M00.00S,12:00,Q4 12:00,12.0,507,substitution,SUB out: J. Konchar,['startperiod'],Konchar,79,104,,False,False,1629723,,2pt made,substitution,,,,1628401|1628436|1629001|1629633|1629684|1630174|1630202|1630582|1630583,1629001|1629633|1630582|1630583,1628401|1628436|1629684|1630174|1630202,,,1610612763.0,22101223
4,PT12M00.00S,12:00,Q4 12:00,12.0,508,substitution,SUB out: D. White,['startperiod'],White,79,104,,False,False,1628401,,substitution,substitution,,,,1628436|1629001|1629633|1629684|1630174|1630202|1630582|1630583,1628436|1629684|1630174|1630202,1629001|1629633|1630582|1630583,,,1610612738.0,22101223
4,PT12M00.00S,12:00,Q4 12:00,12.0,509,substitution,SUB in: K. Anderson,['startperiod'],Anderson,79,104,,False,False,203937,,substitution,substitution,,,,1628436|1629001|1629633|1629684|1630174|1630202|1630582|1630583|203937,1629001|1629633|1630582|1630583|203937,1628436|1629684|1630174|1630202,,,1610612763.0,22101223
4,PT12M00.00S,12:00,Q4 12:00,12.0,510,substitution,SUB in: S. Hauser,['startperiod'],Hauser,79,104,,False,False,1630573,,substitution,3pt made,,,,1628436|1629001|1629633|1629684|1630174|1630202|1630573|1630582|1630583|203937,1628436|1629684|1630174|1630202|1630573,1629001|1629633|1630582|1630583|203937,,,1610612738.0,22101223
4,PT11M40.00S,11:40,Q4 11:40,10.333333333333334,512,3pt,A. Nesmith 24' 3PT  (3 PTS) (P. Pritchard 2 AST),[],Nesmith,79,107,Made,True,True,1630174,1630202.0,substitution,3pt missed,,,,1628436|1629001|1629633|1629684|1630174|1630202|1630573|1630582|1630583|203937,1628436|1629684|1630174|1630202|1630573,1629001|1629633|1630582|1630583|203937,195.0,153.0,1610612738.0,22101223
4,PT11M26.00S,11:26,Q4 11:26,10.566666666666666,514,3pt,MISS D. Melton 24' pullup 3PT,[],Melton,79,107,Missed,True,False,1629001,,3pt made,rebound,,,,1628436|1629001|1629633|1629684|1630174|1630202|1630573|1630582|1630583|203937,1629001|1629633|1630582|1630583|203937,1628436|1629684|1630174|1630202|1630573,-120.0,218.0,1610612763.0,22101223
4,PT11M24.00S,11:24,Q4 11:24,10.6,515,rebound,TEAM defensive REBOUND,['team'],,79,107,,False,False,0,,3pt missed,2pt missed,,,,1628436|1629001|1629633|1629684|1630174|1630202|1630573|1630582|1630583|203937,1628436|1629684|1630174|1630202|1630573,1629001|1629633|1630582|1630583|203937,,,1610612738.0,22101223
4,PT11M13.00S,11:13,Q4 11:13,10.783333333333333,517,2pt,MISS G. Williams 9' driving floating Shot,['pointsinthepaint'],Williams,79,107,Missed,True,False,1629684,,rebound,rebound,,,,1628436|1629001|1629633|1629684|1630174|1630202|1630573|1630582|1630583|203937,1628436|1629684|1630174|1630202|1630573,1629001|1629633|1630582|1630583|203937,37.0,85.0,1610612738.0,22101223
4,PT11M09.00S,11:09,Q4 11:09,10.85,518,rebound,G. Williams REBOUND (Off:1 Def:2),[],Williams,79,107,,False,False,1629684,,2pt missed,2pt made,,,,1628436|1629001|1629633|1629684|1630174|1630202|1630573|1630582|1630583|203937,1628436|1629684|1630174|1630202|1630573,1629001|1629633|1630582|1630583|203937,,,1610612738.0,22101223
4,PT11M08.00S,11:08,Q4 11:08,10.866666666666667,519,2pt,G. Williams putback Layup (7 PTS),"['pointsinthepaint', '2ndchance']",Williams,79,109,Made,True,False,1629684,,rebound,2pt missed,,,,1628436|1629001|1629633|1629684|1630174|1630202|1630573|1630582|1630583|203937,1628436|1629684|1630174|1630202|1630573,1629001|1629633|1630582|1630583|203937,-2.0,52.0,1610612738.0,22101223
4,PT10M49.00S,10:49,Q4 10:49,9.183333333333334,521,2pt,MISS J. Culver 8' driving floating Shot,['pointsinthepaint'],Culver,79,109,Missed,True,False,1629633,,2pt made,rebound,,,,1628436|1629001|1629633|1629684|1630174|1630202|1630573|1630582|1630583|203937,1629001|1629633|1630582|1630583|203937,1628436|1629684|1630174|1630202|1630573,39.0,79.0,1610612763.0,22101223
4,PT10M44.00S,10:44,Q4 10:44,9.266666666666667,522,rebound,S. Aldama REBOUND (Off:4 Def:1),[],Aldama,79,109,,False,False,1630583,,2pt missed,2pt missed,,,,1628436|1629001|1629633|1629684|1630174|1630202|1630573|1630582|1630583|203937,1629001|1629633|1630582|1630583|203937,1628436|1629684|1630174|1630202|1630573,,,1610612763.0,22101223
4,PT10M44.00S,10:44,Q4 10:44,9.266666666666667,523,2pt,MISS S. Aldama tip Layup,"['2ndchance', 'pointsinthepaint']",Aldama,79,109,Missed,True,False,1630583,,rebound,rebound,,,,1628436|1629001|1629633|1629684|1630174|1630202|1630573|1630582|1630583|203937,1629001|1629633|1630582|1630583|203937,1628436|1629684|1630174|1630202|1630573,0.0,0.0,1610612763.0,22101223
4,PT10M44.00S,10:44,Q4 10:44,9.266666666666667,524,rebound,A. Nesmith REBOUND (Off:0 Def:3),[],Nesmith,79,109,,False,False,1630174,,2pt missed,3pt missed,,,,1628436|1629001|1629633|1629684|1630174|1630202|1630573|1630582|1630583|203937,1628436|1629684|1630174|1630202|1630573,1629001|1629633|1630582|1630583|203937,,,1610612738.0,22101223
4,PT10M39.00S,10:39,Q4 10:39,9.35,525,3pt,MISS G. Williams 25' 3PT,[],Williams,79,109,Missed,True,False,1629684,,rebound,rebound,,,,1628436|1629001|1629633|1629684|1630174|1630202|1630573|1630582|1630583|203937,1628436|1629684|1630174|1630202|1630573,1629001|1629633|1630582|1630583|203937,93.0,233.0,1610612738.0,22101223
4,PT10M34.00S,10:34,Q4 10:34,9.433333333333334,526,rebound,L. Kornet REBOUND (Off:2 Def:0),[],Kornet,79,109,,False,False,1628436,,3pt missed,2pt missed,,,,1628436|1629001|1629633|1629684|1630174|1630202|1630573|1630582|1630583|203937,1628436|1629684|1630174|1630202|1630573,1629001|1629633|1630582|1630583|203937,,,1610612738.0,22101223
4,PT10M34.00S,10:34,Q4 10:34,9.433333333333334,527,2pt,MISS L. Kornet tip Layup,"['pointsinthepaint', '2ndchance']",Kornet,79,109,Missed,True,False,1628436,,rebound,rebound,,,,1628436|1629001|1629633|1629684|1630174|1630202|1630573|1630582|1630583|203937,1628436|1629684|1630174|1630202|1630573,1629001|1629633|1630582|1630583|203937,0.0,0.0,1610612738.0,22101223
4,PT10M33.00S,10:33,Q4 10:33,9.45,528,rebound,K. Anderson REBOUND (Off:1 Def:6),[],Anderson,79,109,,False,False,203937,,2pt missed,2pt missed,,,,1628436|1629001|1629633|1629684|1630174|1630202|1630573|1630582|1630583|203937,1629001|1629633|1630582|1630583|203937,1628436|1629684|1630174|1630202|1630573,,,1610612763.0,22101223
4,PT10M25.00S,10:25,Q4 10:25,9.583333333333334,529,2pt,MISS S. Aldama driving reverse Layup,['pointsinthepaint'],Aldama,79,109,Missed,True,False,1630583,,rebound,rebound,,,,1628436|1629001|1629633|1629684|1630174|1630202|1630573|1630582|1630583|203937,1629001|1629633|1630582|1630583|203937,1628436|1629684|1630174|1630202|1630573,17.0,-1.0,1610612763.0,22101223
4,PT10M25.00S,10:25,Q4 10:25,9.583333333333334,530,rebound,S. Hauser REBOUND (Off:0 Def:1),[],Hauser,79,109,,False,False,1630573,,2pt missed,3pt made,,,,1628436|1629001|1629633|1629684|1630174|1630202|1630573|1630582|1630583|203937,1628436|1629684|1630174|1630202|1630573,1629001|1629633|1630582|1630583|203937,,,1610612738.0,22101223
4,PT10M10.00S,10:10,Q4 10:10,9.833333333333334,531,3pt,S. Hauser 3PT  (3 PTS) (P. Pritchard 3 AST),[],Hauser,79,112,Made,True,True,1630573,1630202.0,rebound,2pt made,,,,1628436|1629001|1629633|1629684|1630174|1630202|1630573|1630582|1630583|203937,1628436|1629684|1630174|1630202|1630573,1629001|1629633|1630582|1630583|203937,221.0,21.0,1610612738.0,22101223
4,PT09M49.00S,09:49,Q4 09:49,8.183333333333334,533,2pt,K. Anderson 8' driving floating Jump Shot (16 PTS),['pointsinthepaint'],Anderson,81,112,Made,True,False,203937,,3pt made,3pt missed,,,,1628436|1629001|1629633|1629684|1630174|1630202|1630573|1630582|1630583|203937,1629001|1629633|1630582|1630583|203937,1628436|1629684|1630174|1630202|1630573,-17.0,87.0,1610612763.0,22101223
4,PT09M35.00S,09:35,Q4 09:35,8.416666666666666,534,3pt,MISS A. Nesmith 26' 3PT,[],Nesmith,81,112,Missed,True,False,1630174,,2pt made,rebound,,,,1628436|1629001|1629633|1629684|1630174|1630202|1630573|1630582|1630583|203937,1628436|1629684|1630174|1630202|1630573,1629001|1629633|1630582|1630583|203937,-192.0,176.0,1610612738.0,22101223
4,PT09M32.00S,09:32,Q4 09:32,8.466666666666667,535,rebound,J. Culver REBOUND (Off:0 Def:2),[],Culver,81,112,,False,False,1629633,,3pt missed,foul,,,,1628436|1629001|1629633|1629684|1630174|1630202|1630573|1630582|1630583|203937,1629001|1629633|1630582|1630583|203937,1628436|1629684|1630174|1630202|1630573,,,1610612763.0,22101223
4,PT09M28.00S,09:28,Q4 09:28,8.533333333333333,536,foul,A. Nesmith shooting personal FOUL (4 PF) (Melton 2 FT),['2freethrow'],Nesmith,81,112,,False,False,1630174,,rebound,freethrow,1629001.0,,,1628436|1629001|1629633|1629684|1630174|1630202|1630573|1630582|1630583|203937,1628436|1629684|1630174|1630202|1630573,1629001|1629633|1630582|1630583|203937,,,1610612738.0,22101223
4,PT09M28.00S,09:28,Q4 09:28,8.533333333333333,538,freethrow,D. Melton Free Throw 1 of 2 (13 PTS),['fastbreak'],Melton,82,112,Made,False,False,1629001,,foul,freethrow,,,,1628436|1629001|1629633|1629684|1630174|1630202|1630573|1630582|1630583|203937,1629001|1629633|1630582|1630583|203937,1628436|1629684|1630174|1630202|1630573,,,1610612763.0,22101223
4,PT09M28.00S,09:28,Q4 09:28,8.533333333333333,541,freethrow,D. Melton Free Throw 2 of 2 (14 PTS),['fastbreak'],Melton,83,112,Made,False,False,1629001,,freethrow,substitution,,,,1628436|1629001|1629633|1629684|1630174|1630202|1630573|1630582|1630583|203937,1629001|1629633|1630582|1630583|203937,1628436|1629684|1630174|1630202|1630573,,,1610612763.0,22101223
4,PT09M28.00S,09:28,Q4 09:28,8.533333333333333,539,substitution,SUB out: K. Anderson,[],Anderson,82,112,,False,False,203937,,freethrow,substitution,,,,1628436|1629001|1629633|1629684|1630174|1630202|1630573|1630582|1630583,1629001|1629633|1630582|1630583,1628436|1629684|1630174|1630202|1630573,,,1610612763.0,22101223
4,PT09M28.00S,09:28,Q4 09:28,8.533333333333333,540,substitution,SUB in: X. Tillman,[],Tillman,82,112,,False,False,1630214,,substitution,foul,,,,1628436|1629001|1629633|1629684|1630174|1630202|1630214|1630573|1630582|1630583,1629001|1629633|1630214|1630582|1630583,1628436|1629684|1630174|1630202|1630573,,,1610612763.0,22101223
4,PT09M14.00S,09:14,Q4 09:14,8.766666666666667,542,foul,Y. Pons shooting personal FOUL (3 PF) (Williams 2 FT),['2freethrow'],Pons,83,112,,False,False,1630582,,substitution,freethrow,1629684.0,,,1628436|1629001|1629633|1629684|1630174|1630202|1630214|1630573|1630582|1630583,1629001|1629633|1630214|1630582|1630583,1628436|1629684|1630174|1630202|1630573,,,1610612763.0,22101223
4,PT09M14.00S,09:14,Q4 09:14,8.766666666666667,544,freethrow,G. Williams Free Throw 1 of 2 (8 PTS),[],Williams,83,113,Made,False,False,1629684,,foul,freethrow,,,,1628436|1629001|1629633|1629684|1630174|1630202|1630214|1630573|1630582|1630583,1628436|1629684|1630174|1630202|1630573,1629001|1629633|1630214|1630582|1630583,,,1610612738.0,22101223
4,PT09M14.00S,09:14,Q4 09:14,8.766666666666667,547,freethrow,G. Williams Free Throw 2 of 2 (9 PTS),[],Williams,83,114,Made,False,False,1629684,,freethrow,substitution,,,,1628436|1629001|1629633|1629684|1630174|1630202|1630214|1630573|1630582|1630583,1628436|1629684|1630174|1630202|1630573,1629001|1629633|1630214|1630582|1630583,,,1610612738.0,22101223
4,PT09M14.00S,09:14,Q4 09:14,8.766666666666667,545,substitution,SUB out: D. Melton,[],Melton,83,113,,False,False,1629001,,freethrow,substitution,,,,1628436|1629633|1629684|1630174|1630202|1630214|1630573|1630582|1630583,1629633|1630214|1630582|1630583,1628436|1629684|1630174|1630202|1630573,,,1610612763.0,22101223
4,PT09M14.00S,09:14,Q4 09:14,8.766666666666667,546,substitution,SUB in: J. Konchar,[],Konchar,83,113,,False,False,1629723,,substitution,foul,,,,1628436|1629633|1629684|1629723|1630174|1630202|1630214|1630573|1630582|1630583,1629633|1629723|1630214|1630582|1630583,1628436|1629684|1630174|1630202|1630573,,,1610612763.0,22101223
4,PT09M03.00S,09:03,Q4 09:03,8.95,548,foul,G. Williams personal FOUL (3 PF),[],Williams,83,114,,False,False,1629684,,substitution,substitution,1629633.0,,,1628436|1629633|1629684|1629723|1630174|1630202|1630214|1630573|1630582|1630583,1628436|1629684|1630174|1630202|1630573,1629633|1629723|1630214|1630582|1630583,,,1610612738.0,22101223
4,PT09M03.00S,09:03,Q4 09:03,8.95,550,substitution,SUB out: G. Williams,[],Williams,83,114,,False,False,1629684,,foul,substitution,,,,1628436|1629633|1629723|1630174|1630202|1630214|1630573|1630582|1630583,1628436|1630174|1630202|1630573,1629633|1629723|1630214|1630582|1630583,,,1610612738.0,22101223
4,PT09M03.00S,09:03,Q4 09:03,8.95,551,substitution,SUB in: M. Fitts,[],Fitts,83,114,,False,False,1630238,,substitution,3pt made,,,,1628436|1629633|1629723|1630174|1630202|1630214|1630238|1630573|1630582|1630583,1628436|1630174|1630202|1630238|1630573,1629633|1629723|1630214|1630582|1630583,,,1610612738.0,22101223
4,PT08M55.00S,08:55,Q4 08:55,7.083333333333333,552,3pt,Y. Pons 3PT  (3 PTS) (S. Aldama 2 AST),[],Pons,86,114,Made,True,True,1630582,1630583.0,substitution,2pt made,,,,1628436|1629633|1629723|1630174|1630202|1630214|1630238|1630573|1630582|1630583,1629633|1629723|1630214|1630582|1630583,1628436|1630174|1630202|1630238|1630573,235.0,27.0,1610612763.0,22101223
4,PT08M41.00S,08:41,Q4 08:41,7.316666666666666,554,2pt,L. Kornet Layup (4 PTS) (S. Hauser 1 AST),"['pointsinthepaint', 'defensivegoaltending']",Kornet,86,116,Made,True,True,1628436,1630573.0,3pt made,2pt made,,,,1628436|1629633|1629723|1630174|1630202|1630214|1630238|1630573|1630582|1630583,1628436|1630174|1630202|1630238|1630573,1629633|1629723|1630214|1630582|1630583,-33.0,13.0,1610612738.0,22101223
4,PT08M30.00S,08:30,Q4 08:30,7.5,557,2pt,J. Konchar 17' Jump Shot (17 PTS) (X. Tillman 2 AST),[],Konchar,88,116,Made,True,True,1629723,1630214.0,2pt made,2pt missed,,,,1628436|1629633|1629723|1630174|1630202|1630214|1630238|1630573|1630582|1630583,1629633|1629723|1630214|1630582|1630583,1628436|1630174|1630202|1630238|1630573,50.0,169.0,1610612763.0,22101223
4,PT08M17.00S,08:17,Q4 08:17,7.716666666666667,559,2pt,MISS P. Pritchard driving Layup,['pointsinthepaint'],Pritchard,88,116,Missed,True,False,1630202,,2pt made,rebound,,,,1628436|1629633|1629723|1630174|1630202|1630214|1630238|1630573|1630582|1630583,1628436|1630174|1630202|1630238|1630573,1629633|1629723|1630214|1630582|1630583,-36.0,21.0,1610612738.0,22101223
4,PT08M16.00S,08:16,Q4 08:16,7.733333333333333,560,rebound,P. Pritchard REBOUND (Off:2 Def:2),[],Pritchard,88,116,,False,False,1630202,,2pt missed,3pt made,,,,1628436|1629633|1629723|1630174|1630202|1630214|1630238|1630573|1630582|1630583,1628436|1630174|1630202|1630238|1630573,1629633|1629723|1630214|1630582|1630583,,,1610612738.0,22101223
4,PT08M14.00S,08:14,Q4 08:14,7.766666666666667,561,3pt,M. Fitts 3PT  (3 PTS) (P. Pritchard 4 AST),['2ndchance'],Fitts,88,119,Made,True,True,1630238,1630202.0,rebound,timeout,,,,1628436|1629633|1629723|1630174|1630202|1630214|1630238|1630573|1630582|1630583,1628436|1630174|1630202|1630238|1630573,1629633|1629723|1630214|1630582|1630583,-227.0,15.0,1610612738.0,22101223
4,PT08M12.00S,08:12,Q4 08:12,7.8,563,timeout,MEM Timeout,"['team', 'mandatory']",,88,119,,False,False,0,,3pt made,substitution,,,,1628436|1629633|1629723|1630174|1630202|1630214|1630238|1630573|1630582|1630583,1629633|1629723|1630214|1630582|1630583,1628436|1630174|1630202|1630238|1630573,,,1610612763.0,22101223
4,PT08M12.00S,08:12,Q4 08:12,7.8,565,substitution,SUB out: P. Pritchard,[],Pritchard,88,119,,False,False,1630202,,timeout,substitution,,,,1628436|1629633|1629723|1630174|1630214|1630238|1630573|1630582|1630583,1628436|1630174|1630238|1630573,1629633|1629723|1630214|1630582|1630583,,,1610612738.0,22101223
4,PT08M12.00S,08:12,Q4 08:12,7.8,566,substitution,SUB in: B. Thomas,[],Thomas,88,119,,False,False,1630271,,substitution,foul,,,,1628436|1629633|1629723|1630174|1630214|1630238|1630271|1630573|1630582|1630583,1628436|1630174|1630238|1630271|1630573,1629633|1629723|1630214|1630582|1630583,,,1610612738.0,22101223
4,PT08M03.00S,08:03,Q4 08:03,7.95,568,foul,L. Kornet shooting personal FOUL (1 PF) (Aldama 3 FT),['3freethrow'],Kornet,88,119,,False,False,1628436,,substitution,freethrow,1630583.0,,,1628436|1629633|1629723|1630174|1630214|1630238|1630271|1630573|1630582|1630583,1628436|1630174|1630238|1630271|1630573,1629633|1629723|1630214|1630582|1630583,,,1610612738.0,22101223
4,PT08M03.00S,08:03,Q4 08:03,7.95,570,freethrow,S. Aldama Free Throw 1 of 3 (14 PTS),[],Aldama,89,119,Made,False,False,1630583,,foul,freethrow,,,,1628436|1629633|1629723|1630174|1630214|1630238|1630271|1630573|1630582|1630583,1629633|1629723|1630214|1630582|1630583,1628436|1630174|1630238|1630271|1630573,,,1610612763.0,22101223
4,PT08M03.00S,08:03,Q4 08:03,7.95,571,freethrow,S. Aldama Free Throw 2 of 3 (15 PTS),[],Aldama,90,119,Made,False,False,1630583,,freethrow,freethrow,,,,1628436|1629633|1629723|1630174|1630214|1630238|1630271|1630573|1630582|1630583,1629633|1629723|1630214|1630582|1630583,1628436|1630174|1630238|1630271|1630573,,,1610612763.0,22101223
4,PT08M03.00S,08:03,Q4 08:03,7.95,572,freethrow,S. Aldama Free Throw 3 of 3 (16 PTS),[],Aldama,91,119,Made,False,False,1630583,,freethrow,foul,,,,1628436|1629633|1629723|1630174|1630214|1630238|1630271|1630573|1630582|1630583,1629633|1629723|1630214|1630582|1630583,1628436|1630174|1630238|1630271|1630573,,,1610612763.0,22101223
4,PT07M45.00S,07:45,Q4 07:45,6.25,573,foul,S. Aldama shooting personal FOUL (2 PF) (Nesmith 2 FT),['2freethrow'],Aldama,91,119,,False,False,1630583,,freethrow,freethrow,1630174.0,,,1628436|1629633|1629723|1630174|1630214|1630238|1630271|1630573|1630582|1630583,1629633|1629723|1630214|1630582|1630583,1628436|1630174|1630238|1630271|1630573,,,1610612763.0,22101223
4,PT07M45.00S,07:45,Q4 07:45,6.25,575,freethrow,A. Nesmith Free Throw 1 of 2 (4 PTS),[],Nesmith,91,120,Made,False,False,1630174,,foul,freethrow,,,,1628436|1629633|1629723|1630174|1630214|1630238|1630271|1630573|1630582|1630583,1628436|1630174|1630238|1630271|1630573,1629633|1629723|1630214|1630582|1630583,,,1610612738.0,22101223
4,PT07M45.00S,07:45,Q4 07:45,6.25,576,freethrow,A. Nesmith Free Throw 2 of 2 (5 PTS),[],Nesmith,91,121,Made,False,False,1630174,,freethrow,3pt missed,,,,1628436|1629633|1629723|1630174|1630214|1630238|1630271|1630573|1630582|1630583,1628436|1630174|1630238|1630271|1630573,1629633|1629723|1630214|1630582|1630583,,,1610612738.0,22101223
4,PT07M29.00S,07:29,Q4 07:29,6.516666666666667,577,3pt,MISS Y. Pons 24' 3PT,[],Pons,91,121,Missed,True,False,1630582,,freethrow,rebound,,,,1628436|1629633|1629723|1630174|1630214|1630238|1630271|1630573|1630582|1630583,1629633|1629723|1630214|1630582|1630583,1628436|1630174|1630238|1630271|1630573,179.0,169.0,1610612763.0,22101223
4,PT07M27.00S,07:27,Q4 07:27,6.55,578,rebound,S. Aldama REBOUND (Off:5 Def:1),[],Aldama,91,121,,False,False,1630583,,3pt missed,3pt made,,,,1628436|1629633|1629723|1630174|1630214|1630238|1630271|1630573|1630582|1630583,1629633|1629723|1630214|1630582|1630583,1628436|1630174|1630238|1630271|1630573,,,1610612763.0,22101223
4,PT07M25.00S,07:25,Q4 07:25,6.583333333333333,579,3pt,J. Culver 3PT  (5 PTS) (S. Aldama 3 AST),['2ndchance'],Culver,94,121,Made,True,True,1629633,1630583.0,rebound,3pt missed,,,,1628436|1629633|1629723|1630174|1630214|1630238|1630271|1630573|1630582|1630583,1629633|1629723|1630214|1630582|1630583,1628436|1630174|1630238|1630271|1630573,-157.0,180.0,1610612763.0,22101223
4,PT07M04.00S,07:04,Q4 07:04,6.933333333333334,581,3pt,MISS A. Nesmith 25' pullup 3PT,[],Nesmith,94,121,Missed,True,False,1630174,,3pt made,rebound,,,,1628436|1629633|1629723|1630174|1630214|1630238|1630271|1630573|1630582|1630583,1628436|1630174|1630238|1630271|1630573,1629633|1629723|1630214|1630582|1630583,112.0,231.0,1610612738.0,22101223
4,PT06M58.00S,06:58,Q4 06:58,5.033333333333333,582,rebound,L. Kornet REBOUND (Off:3 Def:0),[],Kornet,94,121,,False,False,1628436,,3pt missed,2pt made,,,,1628436|1629633|1629723|1630174|1630214|1630238|1630271|1630573|1630582|1630583,1628436|1630174|1630238|1630271|1630573,1629633|1629723|1630214|1630582|1630583,,,1610612738.0,22101223
4,PT06M58.00S,06:58,Q4 06:58,5.033333333333333,583,2pt,L. Kornet tip Layup (6 PTS),"['pointsinthepaint', '2ndchance']",Kornet,94,123,Made,True,False,1628436,,rebound,3pt made,,,,1628436|1629633|1629723|1630174|1630214|1630238|1630271|1630573|1630582|1630583,1628436|1630174|1630238|1630271|1630573,1629633|1629723|1630214|1630582|1630583,0.0,0.0,1610612738.0,22101223
4,PT06M46.00S,06:46,Q4 06:46,5.233333333333333,584,3pt,J. Culver 24' 3PT  (8 PTS) (Y. Pons 1 AST),[],Culver,97,123,Made,True,True,1629633,1630582.0,2pt made,2pt missed,,,,1628436|1629633|1629723|1630174|1630214|1630238|1630271|1630573|1630582|1630583,1629633|1629723|1630214|1630582|1630583,1628436|1630174|1630238|1630271|1630573,-191.0,150.0,1610612763.0,22101223
4,PT06M29.00S,06:29,Q4 06:29,5.516666666666667,586,2pt,MISS M. Fitts cutting Layup - blocked,['pointsinthepaint'],Fitts,97,123,Missed,True,False,1630238,,3pt made,block,,,1630582.0,1628436|1629633|1629723|1630174|1630214|1630238|1630271|1630573|1630582|1630583,1628436|1630174|1630238|1630271|1630573,1629633|1629723|1630214|1630582|1630583,42.0,25.0,1610612738.0,22101223
4,PT06M29.00S,06:29,Q4 06:29,5.516666666666667,587,block,Y. Pons BLOCK (2 BLK),[],Pons,97,123,,False,False,1630582,,2pt missed,rebound,,,,1628436|1629633|1629723|1630174|1630214|1630238|1630271|1630573|1630582|1630583,1629633|1629723|1630214|1630582|1630583,1628436|1630174|1630238|1630271|1630573,,,1610612763.0,22101223
4,PT06M25.00S,06:25,Q4 06:25,5.583333333333333,588,rebound,M. Fitts REBOUND (Off:1 Def:0),[],Fitts,97,123,,False,False,1630238,,block,3pt missed,,,,1628436|1629633|1629723|1630174|1630214|1630238|1630271|1630573|1630582|1630583,1628436|1630174|1630238|1630271|1630573,1629633|1629723|1630214|1630582|1630583,,,1610612738.0,22101223
4,PT06M22.00S,06:22,Q4 06:22,5.633333333333334,589,3pt,MISS L. Kornet 27' 3PT,['2ndchance'],Kornet,97,123,Missed,True,False,1628436,,rebound,rebound,,,,1628436|1629633|1629723|1630174|1630214|1630238|1630271|1630573|1630582|1630583,1628436|1630174|1630238|1630271|1630573,1629633|1629723|1630214|1630582|1630583,-218.0,163.0,1610612738.0,22101223
4,PT06M18.00S,06:18,Q4 06:18,5.7,590,rebound,J. Konchar REBOUND (Off:6 Def:4),[],Konchar,97,123,,False,False,1629723,,3pt missed,2pt made,,,,1628436|1629633|1629723|1630174|1630214|1630238|1630271|1630573|1630582|1630583,1629633|1629723|1630214|1630582|1630583,1628436|1630174|1630238|1630271|1630573,,,1610612763.0,22101223
4,PT06M05.00S,06:05,Q4 06:05,5.916666666666667,591,2pt,S. Aldama driving floating Jump Shot (18 PTS) (J. Konchar 8 AST),['pointsinthepaint'],Aldama,99,123,Made,True,True,1630583,1629723.0,rebound,foul,,,,1628436|1629633|1629723|1630174|1630214|1630238|1630271|1630573|1630582|1630583,1629633|1629723|1630214|1630582|1630583,1628436|1630174|1630238|1630271|1630573,-16.0,38.0,1610612763.0,22101223
4,PT06M05.00S,06:05,Q4 06:05,5.916666666666667,593,foul,A. Nesmith shooting personal FOUL (5 PF) (Aldama 1 FT),['1freethrow'],Nesmith,99,123,,False,False,1630174,,2pt made,freethrow,1630583.0,,,1628436|1629633|1629723|1630174|1630214|1630238|1630271|1630573|1630582|1630583,1628436|1630174|1630238|1630271|1630573,1629633|1629723|1630214|1630582|1630583,,,1610612738.0,22101223
4,PT06M05.00S,06:05,Q4 06:05,5.916666666666667,595,freethrow,MISS S. Aldama Free Throw 1 of 1,[],Aldama,99,123,Missed,False,False,1630583,,foul,rebound,,,,1628436|1629633|1629723|1630174|1630214|1630238|1630271|1630573|1630582|1630583,1629633|1629723|1630214|1630582|1630583,1628436|1630174|1630238|1630271|1630573,,,1610612763.0,22101223
4,PT06M03.00S,06:03,Q4 06:03,5.95,596,rebound,M. Fitts REBOUND (Off:1 Def:1),[],Fitts,99,123,,False,False,1630238,,freethrow,2pt made,,,,1628436|1629633|1629723|1630174|1630214|1630238|1630271|1630573|1630582|1630583,1628436|1630174|1630238|1630271|1630573,1629633|1629723|1630214|1630582|1630583,,,1610612738.0,22101223
4,PT05M51.00S,05:51,Q4 05:51,4.15,597,2pt,M. Fitts driving DUNK (5 PTS) (B. Thomas 1 AST),['pointsinthepaint'],Fitts,99,125,Made,True,True,1630238,1630271.0,rebound,3pt missed,,,,1628436|1629633|1629723|1630174|1630214|1630238|1630271|1630573|1630582|1630583,1628436|1630174|1630238|1630271|1630573,1629633|1629723|1630214|1630582|1630583,1.0,10.0,1610612738.0,22101223
4,PT05M39.00S,05:39,Q4 05:39,4.35,599,3pt,MISS J. Culver 25' pullup 3PT,[],Culver,99,125,Missed,True,False,1629633,,2pt made,rebound,,,,1628436|1629633|1629723|1630174|1630214|1630238|1630271|1630573|1630582|1630583,1629633|1629723|1630214|1630582|1630583,1628436|1630174|1630238|1630271|1630573,-172.0,190.0,1610612763.0,22101223
4,PT05M36.00S,05:36,Q4 05:36,4.4,600,rebound,M. Fitts REBOUND (Off:1 Def:2),[],Fitts,99,125,,False,False,1630238,,3pt missed,3pt missed,,,,1628436|1629633|1629723|1630174|1630214|1630238|1630271|1630573|1630582|1630583,1628436|1630174|1630238|1630271|1630573,1629633|1629723|1630214|1630582|1630583,,,1610612738.0,22101223
4,PT05M32.00S,05:32,Q4 05:32,4.466666666666667,601,3pt,MISS S. Hauser 3PT,['fastbreak'],Hauser,99,125,Missed,True,False,1630573,,rebound,rebound,,,,1628436|1629633|1629723|1630174|1630214|1630238|1630271|1630573|1630582|1630583,1628436|1630174|1630238|1630271|1630573,1629633|1629723|1630214|1630582|1630583,223.0,11.0,1610612738.0,22101223
4,PT05M29.00S,05:29,Q4 05:29,4.516666666666667,602,rebound,S. Aldama REBOUND (Off:5 Def:2),[],Aldama,99,125,,False,False,1630583,,3pt missed,3pt missed,,,,1628436|1629633|1629723|1630174|1630214|1630238|1630271|1630573|1630582|1630583,1629633|1629723|1630214|1630582|1630583,1628436|1630174|1630238|1630271|1630573,,,1610612763.0,22101223
4,PT05M24.00S,05:24,Q4 05:24,4.6,603,3pt,MISS X. Tillman 3PT,['fastbreak'],Tillman,99,125,Missed,True,False,1630214,,rebound,rebound,,,,1628436|1629633|1629723|1630174|1630214|1630238|1630271|1630573|1630582|1630583,1629633|1629723|1630214|1630582|1630583,1628436|1630174|1630238|1630271|1630573,-221.0,5.0,1610612763.0,22101223
4,PT05M20.00S,05:20,Q4 05:20,4.666666666666667,604,rebound,S. Hauser REBOUND (Off:0 Def:2),[],Hauser,99,125,,False,False,1630573,,3pt missed,turnover,,,,1628436|1629633|1629723|1630174|1630214|1630238|1630271|1630573|1630582|1630583,1628436|1630174|1630238|1630271|1630573,1629633|1629723|1630214|1630582|1630583,,,1610612738.0,22101223
4,PT05M15.00S,05:15,Q4 05:15,4.75,605,turnover,A. Nesmith step out-of-bounds TURNOVER (1 TO),[],Nesmith,99,125,,False,False,1630174,,rebound,substitution,,,,1628436|1629633|1629723|1630174|1630214|1630238|1630271|1630573|1630582|1630583,1628436|1630174|1630238|1630271|1630573,1629633|1629723|1630214|1630582|1630583,,,1610612738.0,22101223
4,PT05M15.00S,05:15,Q4 05:15,4.75,606,substitution,SUB out: S. Hauser,[],Hauser,99,125,,False,False,1630573,,turnover,substitution,,,,1628436|1629633|1629723|1630174|1630214|1630238|1630271|1630582|1630583,1628436|1630174|1630238|1630271,1629633|1629723|1630214|1630582|1630583,,,1610612738.0,22101223
4,PT05M15.00S,05:15,Q4 05:15,4.75,607,substitution,SUB in: M. Ryan,[],Ryan,99,125,,False,False,1630346,,substitution,3pt missed,,,,1628436|1629633|1629723|1630174|1630214|1630238|1630271|1630346|1630582|1630583,1628436|1630174|1630238|1630271|1630346,1629633|1629723|1630214|1630582|1630583,,,1610612738.0,22101223
4,PT05M03.00S,05:03,Q4 05:03,4.95,608,3pt,MISS S. Aldama 27' 3PT,['fromturnover'],Aldama,99,125,Missed,True,False,1630583,,substitution,rebound,,,,1628436|1629633|1629723|1630174|1630214|1630238|1630271|1630346|1630582|1630583,1629633|1629723|1630214|1630582|1630583,1628436|1630174|1630238|1630271|1630346,181.0,206.0,1610612763.0,22101223
4,PT04M59.00S,04:59,Q4 04:59,3.0166666666666666,609,rebound,J. Konchar REBOUND (Off:7 Def:4),[],Konchar,99,125,,False,False,1629723,,3pt missed,3pt missed,,,,1628436|1629633|1629723|1630174|1630214|1630238|1630271|1630346|1630582|1630583,1629633|1629723|1630214|1630582|1630583,1628436|1630174|1630238|1630271|1630346,,,1610612763.0,22101223
4,PT04M57.00S,04:57,Q4 04:57,3.05,610,3pt,MISS Y. Pons 25' 3PT,"['fromturnover', '2ndchance']",Pons,99,125,Missed,True,False,1630582,,rebound,rebound,,,,1628436|1629633|1629723|1630174|1630214|1630238|1630271|1630346|1630582|1630583,1629633|1629723|1630214|1630582|1630583,1628436|1630174|1630238|1630271|1630346,218.0,130.0,1610612763.0,22101223
4,PT04M53.00S,04:53,Q4 04:53,3.1166666666666667,611,rebound,X. Tillman REBOUND (Off:3 Def:1),[],Tillman,99,125,,False,False,1630214,,3pt missed,2pt missed,,,,1628436|1629633|1629723|1630174|1630214|1630238|1630271|1630346|1630582|1630583,1629633|1629723|1630214|1630582|1630583,1628436|1630174|1630238|1630271|1630346,,,1610612763.0,22101223
4,PT04M50.00S,04:50,Q4 04:50,3.1666666666666665,612,2pt,MISS X. Tillman driving Layup,"['pointsinthepaint', 'fromturnover', '2ndchance']",Tillman,99,125,Missed,True,False,1630214,,rebound,rebound,,,,1628436|1629633|1629723|1630174|1630214|1630238|1630271|1630346|1630582|1630583,1629633|1629723|1630214|1630582|1630583,1628436|1630174|1630238|1630271|1630346,-18.0,-6.0,1610612763.0,22101223
4,PT04M43.00S,04:43,Q4 04:43,3.283333333333333,613,rebound,B. Thomas REBOUND (Off:0 Def:1),[],Thomas,99,125,,False,False,1630271,,2pt missed,2pt made,,,,1628436|1629633|1629723|1630174|1630214|1630238|1630271|1630346|1630582|1630583,1628436|1630174|1630238|1630271|1630346,1629633|1629723|1630214|1630582|1630583,,,1610612738.0,22101223
4,PT04M41.00S,04:41,Q4 04:41,3.3166666666666664,614,2pt,M. Fitts running Layup (7 PTS) (B. Thomas 2 AST),"['fastbreak', 'pointsinthepaint']",Fitts,99,127,Made,True,True,1630238,1630271.0,rebound,timeout,,,,1628436|1629633|1629723|1630174|1630214|1630238|1630271|1630346|1630582|1630583,1628436|1630174|1630238|1630271|1630346,1629633|1629723|1630214|1630582|1630583,-4.0,21.0,1610612738.0,22101223
4,PT04M41.00S,04:41,Q4 04:41,3.3166666666666664,616,timeout,MEM Timeout,"['team', 'mandatory']",,99,127,,False,False,0,,2pt made,3pt missed,,,,1628436|1629633|1629723|1630174|1630214|1630238|1630271|1630346|1630582|1630583,1629633|1629723|1630214|1630582|1630583,1628436|1630174|1630238|1630271|1630346,,,1610612763.0,22101223
4,PT04M30.00S,04:30,Q4 04:30,3.5,617,3pt,MISS J. Konchar 3PT,[],Konchar,99,127,Missed,True,False,1629723,,timeout,rebound,,,,1628436|1629633|1629723|1630174|1630214|1630238|1630271|1630346|1630582|1630583,1629633|1629723|1630214|1630582|1630583,1628436|1630174|1630238|1630271|1630346,228.0,4.0,1610612763.0,22101223
4,PT04M27.00S,04:27,Q4 04:27,3.55,618,rebound,L. Kornet REBOUND (Off:3 Def:1),[],Kornet,99,127,,False,False,1628436,,3pt missed,2pt made,,,,1628436|1629633|1629723|1630174|1630214|1630238|1630271|1630346|1630582|1630583,1628436|1630174|1630238|1630271|1630346,1629633|1629723|1630214|1630582|1630583,,,1610612738.0,22101223
4,PT04M14.00S,04:14,Q4 04:14,3.7666666666666666,619,2pt,L. Kornet cutting DUNK (8 PTS) (B. Thomas 3 AST),['pointsinthepaint'],Kornet,99,129,Made,True,True,1628436,1630271.0,rebound,foul,,,,1628436|1629633|1629723|1630174|1630214|1630238|1630271|1630346|1630582|1630583,1628436|1630174|1630238|1630271|1630346,1629633|1629723|1630214|1630582|1630583,0.0,13.0,1610612738.0,22101223
4,PT04M03.00S,04:03,Q4 04:03,3.95,621,foul,L. Kornet shooting personal FOUL (2 PF) (Culver 2 FT),"['inpenalty', '2freethrow']",Kornet,99,129,,False,False,1628436,,2pt made,freethrow,1629633.0,,,1628436|1629633|1629723|1630174|1630214|1630238|1630271|1630346|1630582|1630583,1628436|1630174|1630238|1630271|1630346,1629633|1629723|1630214|1630582|1630583,,,1610612738.0,22101223
4,PT04M03.00S,04:03,Q4 04:03,3.95,623,freethrow,MISS J. Culver Free Throw 1 of 2,[],Culver,99,129,Missed,False,False,1629633,,foul,rebound,,,,1628436|1629633|1629723|1630174|1630214|1630238|1630271|1630346|1630582|1630583,1629633|1629723|1630214|1630582|1630583,1628436|1630174|1630238|1630271|1630346,,,1610612763.0,22101223
4,PT04M03.00S,04:03,Q4 04:03,3.95,624,rebound,TEAM offensive REBOUND,"['deadball', 'team']",,99,129,,False,False,0,,freethrow,freethrow,,,,1628436|1629633|1629723|1630174|1630214|1630238|1630271|1630346|1630582|1630583,1629633|1629723|1630214|1630582|1630583,1628436|1630174|1630238|1630271|1630346,,,1610612763.0,22101223
4,PT04M03.00S,04:03,Q4 04:03,3.95,625,freethrow,J. Culver Free Throw 2 of 2 (9 PTS),[],Culver,100,129,Made,False,False,1629633,,rebound,turnover,,,,1628436|1629633|1629723|1630174|1630214|1630238|1630271|1630346|1630582|1630583,1629633|1629723|1630214|1630582|1630583,1628436|1630174|1630238|1630271|1630346,,,1610612763.0,22101223
4,PT03M52.00S,03:52,Q4 03:52,2.1333333333333333,626,turnover,B. Thomas bad pass TURNOVER (1 TO),[],Thomas,100,129,,False,False,1630271,,freethrow,steal,,1630583.0,,1628436|1629633|1629723|1630174|1630214|1630238|1630271|1630346|1630582|1630583,1628436|1630174|1630238|1630271|1630346,1629633|1629723|1630214|1630582|1630583,,,1610612738.0,22101223
4,PT03M52.00S,03:52,Q4 03:52,2.1333333333333333,627,steal,S. Aldama STEAL (2 STL),[],Aldama,100,129,,False,False,1630583,,turnover,2pt made,,,,1628436|1629633|1629723|1630174|1630214|1630238|1630271|1630346|1630582|1630583,1629633|1629723|1630214|1630582|1630583,1628436|1630174|1630238|1630271|1630346,,,1610612763.0,22101223
4,PT03M48.00S,03:48,Q4 03:48,2.2,628,2pt,J. Culver running DUNK (11 PTS) (S. Aldama 4 AST),"['pointsinthepaint', 'fromturnover', 'fastbreak']",Culver,102,129,Made,True,True,1629633,1630583.0,steal,foul,,,,1628436|1629633|1629723|1630174|1630214|1630238|1630271|1630346|1630582|1630583,1629633|1629723|1630214|1630582|1630583,1628436|1630174|1630238|1630271|1630346,-6.0,4.0,1610612763.0,22101223
4,PT03M48.00S,03:48,Q4 03:48,2.2,630,foul,B. Thomas shooting personal FOUL (1 PF) (Culver 1 FT),"['inpenalty', '1freethrow']",Thomas,102,129,,False,False,1630271,,2pt made,freethrow,1629633.0,,,1628436|1629633|1629723|1630174|1630214|1630238|1630271|1630346|1630582|1630583,1628436|1630174|1630238|1630271|1630346,1629633|1629723|1630214|1630582|1630583,,,1610612738.0,22101223
4,PT03M48.00S,03:48,Q4 03:48,2.2,632,freethrow,J. Culver Free Throw 1 of 1 (12 PTS),"['fromturnover', 'fastbreak']",Culver,103,129,Made,False,False,1629633,,foul,3pt missed,,,,1628436|1629633|1629723|1630174|1630214|1630238|1630271|1630346|1630582|1630583,1629633|1629723|1630214|1630582|1630583,1628436|1630174|1630238|1630271|1630346,,,1610612763.0,22101223
4,PT03M37.00S,03:37,Q4 03:37,2.3833333333333333,633,3pt,MISS M. Ryan 26' 3PT,[],Ryan,103,129,Missed,True,False,1630346,,freethrow,rebound,,,,1628436|1629633|1629723|1630174|1630214|1630238|1630271|1630346|1630582|1630583,1628436|1630174|1630238|1630271|1630346,1629633|1629723|1630214|1630582|1630583,4.0,267.0,1610612738.0,22101223
4,PT03M34.00S,03:34,Q4 03:34,2.4333333333333336,634,rebound,S. Aldama REBOUND (Off:5 Def:3),[],Aldama,103,129,,False,False,1630583,,3pt missed,turnover,,,,1628436|1629633|1629723|1630174|1630214|1630238|1630271|1630346|1630582|1630583,1629633|1629723|1630214|1630582|1630583,1628436|1630174|1630238|1630271|1630346,,,1610612763.0,22101223
4,PT03M30.00S,03:30,Q4 03:30,2.5,635,turnover,S. Aldama bad pass TURNOVER (3 TO),[],Aldama,103,129,,False,False,1630583,,rebound,steal,,1630271.0,,1628436|1629633|1629723|1630174|1630214|1630238|1630271|1630346|1630582|1630583,1629633|1629723|1630214|1630582|1630583,1628436|1630174|1630238|1630271|1630346,,,1610612763.0,22101223
4,PT03M30.00S,03:30,Q4 03:30,2.5,636,steal,B. Thomas STEAL (1 STL),[],Thomas,103,129,,False,False,1630271,,turnover,3pt missed,,,,1628436|1629633|1629723|1630174|1630214|1630238|1630271|1630346|1630582|1630583,1628436|1630174|1630238|1630271|1630346,1629633|1629723|1630214|1630582|1630583,,,1610612738.0,22101223
4,PT03M25.00S,03:25,Q4 03:25,2.5833333333333335,637,3pt,MISS M. Ryan 25' running 3PT,"['fromturnover', 'fastbreak']",Ryan,103,129,Missed,True,False,1630346,,steal,rebound,,,,1628436|1629633|1629723|1630174|1630214|1630238|1630271|1630346|1630582|1630583,1628436|1630174|1630238|1630271|1630346,1629633|1629723|1630214|1630582|1630583,230.0,100.0,1610612738.0,22101223
4,PT03M20.00S,03:20,Q4 03:20,2.6666666666666665,638,rebound,J. Konchar REBOUND (Off:7 Def:5),[],Konchar,103,129,,False,False,1629723,,3pt missed,2pt made,,,,1628436|1629633|1629723|1630174|1630214|1630238|1630271|1630346|1630582|1630583,1629633|1629723|1630214|1630582|1630583,1628436|1630174|1630238|1630271|1630346,,,1610612763.0,22101223
4,PT03M16.00S,03:16,Q4 03:16,2.7333333333333334,639,2pt,J. Culver 17' pullup Jump Shot (14 PTS) (J. Konchar 9 AST),['fastbreak'],Culver,105,129,Made,True,True,1629633,1629723.0,rebound,3pt made,,,,1628436|1629633|1629723|1630174|1630214|1630238|1630271|1630346|1630582|1630583,1629633|1629723|1630214|1630582|1630583,1628436|1630174|1630238|1630271|1630346,-67.0,163.0,1610612763.0,22101223
4,PT02M54.00S,02:54,Q4 02:54,1.1,641,3pt,B. Thomas 26' 3PT pullup (3 PTS),[],Thomas,105,132,Made,True,False,1630271,,2pt made,3pt missed,,,,1628436|1629633|1629723|1630174|1630214|1630238|1630271|1630346|1630582|1630583,1628436|1630174|1630238|1630271|1630346,1629633|1629723|1630214|1630582|1630583,-99.0,247.0,1610612738.0,22101223
4,PT02M44.00S,02:44,Q4 02:44,1.2666666666666666,642,3pt,MISS X. Tillman 24' 3PT,[],Tillman,105,132,Missed,True,False,1630214,,3pt made,rebound,,,,1628436|1629633|1629723|1630174|1630214|1630238|1630271|1630346|1630582|1630583,1629633|1629723|1630214|1630582|1630583,1628436|1630174|1630238|1630271|1630346,26.0,245.0,1610612763.0,22101223
4,PT02M43.00S,02:43,Q4 02:43,1.2833333333333332,643,rebound,TEAM defensive REBOUND,['team'],,105,132,,False,False,0,,3pt missed,substitution,,,,1628436|1629633|1629723|1630174|1630214|1630238|1630271|1630346|1630582|1630583,1628436|1630174|1630238|1630271|1630346,1629633|1629723|1630214|1630582|1630583,,,1610612738.0,22101223
4,PT02M43.00S,02:43,Q4 02:43,1.2833333333333332,645,substitution,SUB out: A. Nesmith,[],Nesmith,105,132,,False,False,1630174,,rebound,substitution,,,,1628436|1629633|1629723|1630214|1630238|1630271|1630346|1630582|1630583,1628436|1630238|1630271|1630346,1629633|1629723|1630214|1630582|1630583,,,1610612738.0,22101223
4,PT02M43.00S,02:43,Q4 02:43,1.2833333333333332,646,substitution,SUB in: S. Hauser,[],Hauser,105,132,,False,False,1630573,,substitution,2pt made,,,,1628436|1629633|1629723|1630214|1630238|1630271|1630346|1630573|1630582|1630583,1628436|1630238|1630271|1630346|1630573,1629633|1629723|1630214|1630582|1630583,,,1610612738.0,22101223
4,PT02M33.00S,02:33,Q4 02:33,1.45,647,2pt,L. Kornet cutting DUNK (10 PTS) (M. Fitts 1 AST),['pointsinthepaint'],Kornet,105,134,Made,True,True,1628436,1630238.0,substitution,3pt missed,,,,1628436|1629633|1629723|1630214|1630238|1630271|1630346|1630573|1630582|1630583,1628436|1630238|1630271|1630346|1630573,1629633|1629723|1630214|1630582|1630583,-4.0,0.0,1610612738.0,22101223
4,PT02M20.00S,02:20,Q4 02:20,1.6666666666666667,649,3pt,MISS S. Aldama 24' 3PT,[],Aldama,105,134,Missed,True,False,1630583,,2pt made,rebound,,,,1628436|1629633|1629723|1630214|1630238|1630271|1630346|1630573|1630582|1630583,1629633|1629723|1630214|1630582|1630583,1628436|1630238|1630271|1630346|1630573,-1.0,241.0,1610612763.0,22101223
4,PT02M15.00S,02:15,Q4 02:15,1.75,650,rebound,B. Thomas REBOUND (Off:0 Def:2),[],Thomas,105,134,,False,False,1630271,,3pt missed,2pt made,,,,1628436|1629633|1629723|1630214|1630238|1630271|1630346|1630573|1630582|1630583,1628436|1630238|1630271|1630346|1630573,1629633|1629723|1630214|1630582|1630583,,,1610612738.0,22101223
4,PT02M10.00S,02:10,Q4 02:10,1.8333333333333333,651,2pt,S. Hauser cutting Layup (5 PTS) (L. Kornet 2 AST),"['pointsinthepaint', 'fastbreak']",Hauser,105,136,Made,True,True,1630573,1628436.0,rebound,3pt made,,,,1628436|1629633|1629723|1630214|1630238|1630271|1630346|1630573|1630582|1630583,1628436|1630238|1630271|1630346|1630573,1629633|1629723|1630214|1630582|1630583,-22.0,5.0,1610612738.0,22101223
4,PT01M46.00S,01:46,Q4 01:46,0.23333333333333328,653,3pt,Y. Pons 3PT  (6 PTS) (J. Konchar 10 AST),[],Pons,108,136,Made,True,True,1630582,1629723.0,2pt made,3pt missed,,,,1628436|1629633|1629723|1630214|1630238|1630271|1630346|1630573|1630582|1630583,1629633|1629723|1630214|1630582|1630583,1628436|1630238|1630271|1630346|1630573,238.0,10.0,1610612763.0,22101223
4,PT01M28.00S,01:28,Q4 01:28,0.5333333333333333,655,3pt,MISS M. Ryan 28' 3PT,[],Ryan,108,136,Missed,True,False,1630346,,3pt made,rebound,,,,1628436|1629633|1629723|1630214|1630238|1630271|1630346|1630573|1630582|1630583,1628436|1630238|1630271|1630346|1630573,1629633|1629723|1630214|1630582|1630583,44.0,278.0,1610612738.0,22101223
4,PT01M26.00S,01:26,Q4 01:26,0.5666666666666667,656,rebound,J. Konchar REBOUND (Off:7 Def:6),[],Konchar,108,136,,False,False,1629723,,3pt missed,turnover,,,,1628436|1629633|1629723|1630214|1630238|1630271|1630346|1630573|1630582|1630583,1629633|1629723|1630214|1630582|1630583,1628436|1630238|1630271|1630346|1630573,,,1610612763.0,22101223
4,PT01M20.00S,01:20,Q4 01:20,0.6666666666666667,657,turnover,S. Aldama lost ball TURNOVER (4 TO),[],Aldama,108,136,,False,False,1630583,,rebound,steal,,1630346.0,,1628436|1629633|1629723|1630214|1630238|1630271|1630346|1630573|1630582|1630583,1629633|1629723|1630214|1630582|1630583,1628436|1630238|1630271|1630346|1630573,,,1610612763.0,22101223
4,PT01M20.00S,01:20,Q4 01:20,0.6666666666666667,658,steal,M. Ryan STEAL (1 STL),[],Ryan,108,136,,False,False,1630346,,turnover,3pt missed,,,,1628436|1629633|1629723|1630214|1630238|1630271|1630346|1630573|1630582|1630583,1628436|1630238|1630271|1630346|1630573,1629633|1629723|1630214|1630582|1630583,,,1610612738.0,22101223
4,PT01M13.00S,01:13,Q4 01:13,0.7833333333333333,659,3pt,MISS S. Hauser 3PT,"['fromturnover', 'fastbreak']",Hauser,108,136,Missed,True,False,1630573,,steal,rebound,,,,1628436|1629633|1629723|1630214|1630238|1630271|1630346|1630573|1630582|1630583,1628436|1630238|1630271|1630346|1630573,1629633|1629723|1630214|1630582|1630583,224.0,20.0,1610612738.0,22101223
4,PT01M10.00S,01:10,Q4 01:10,0.8333333333333334,660,rebound,TEAM offensive REBOUND,['team'],,108,136,,False,False,0,,3pt missed,3pt missed,,,,1628436|1629633|1629723|1630214|1630238|1630271|1630346|1630573|1630582|1630583,1628436|1630238|1630271|1630346|1630573,1629633|1629723|1630214|1630582|1630583,,,1610612738.0,22101223
4,PT01M08.00S,01:08,Q4 01:08,0.8666666666666667,662,3pt,MISS M. Ryan 3PT,"['fromturnover', '2ndchance']",Ryan,108,136,Missed,True,False,1630346,,rebound,rebound,,,,1628436|1629633|1629723|1630214|1630238|1630271|1630346|1630573|1630582|1630583,1628436|1630238|1630271|1630346|1630573,1629633|1629723|1630214|1630582|1630583,-234.0,16.0,1610612738.0,22101223
4,PT01M04.00S,01:04,Q4 01:04,0.9333333333333333,663,rebound,S. Aldama REBOUND (Off:5 Def:4),[],Aldama,108,136,,False,False,1630583,,3pt missed,2pt made,,,,1628436|1629633|1629723|1630214|1630238|1630271|1630346|1630573|1630582|1630583,1629633|1629723|1630214|1630582|1630583,1628436|1630238|1630271|1630346|1630573,,,1610612763.0,22101223
4,PT00M58.10S,00:58,Q4 00:58,-0.9666666666666667,664,2pt,S. Aldama 6' driving floating bank Jump Shot (20 PTS),['pointsinthepaint'],Aldama,110,136,Made,True,False,1630583,,rebound,2pt missed,,,,1628436|1629633|1629723|1630214|1630238|1630271|1630346|1630573|1630582|1630583,1629633|1629723|1630214|1630582|1630583,1628436|1630238|1630271|1630346|1630573,47.0,42.0,1610612763.0,22101223
4,PT00M41.80S,00:41,Q4 00:41,-0.6833333333333333,682,2pt,MISS B. Thomas driving DUNK - blocked,['pointsinthepaint'],Thomas,110,136,Missed,True,False,1630271,,2pt made,block,,,1630582.0,1628436|1629633|1629723|1630214|1630238|1630271|1630346|1630573|1630582|1630583,1628436|1630238|1630271|1630346|1630573,1629633|1629723|1630214|1630582|1630583,-10.0,15.0,1610612738.0,22101223
4,PT00M41.80S,00:41,Q4 00:41,-0.6833333333333333,683,block,Y. Pons BLOCK (3 BLK),[],Pons,110,136,,False,False,1630582,,2pt missed,rebound,,,,1628436|1629633|1629723|1630214|1630238|1630271|1630346|1630573|1630582|1630583,1629633|1629723|1630214|1630582|1630583,1628436|1630238|1630271|1630346|1630573,,,1610612763.0,22101223
4,PT00M41.80S,00:41,Q4 00:41,-0.6833333333333333,684,rebound,TEAM offensive REBOUND,['team'],,110,136,,False,False,0,,block,timeout,,,,1628436|1629633|1629723|1630214|1630238|1630271|1630346|1630573|1630582|1630583,1628436|1630238|1630271|1630346|1630573,1629633|1629723|1630214|1630582|1630583,,,1610612738.0,22101223
4,PT00M41.80S,00:41,Q4 00:41,-0.6833333333333333,667,timeout,MEM Timeout,['team'],,110,136,,False,False,0,,rebound,3pt made,,,,1628436|1629633|1629723|1630214|1630238|1630271|1630346|1630573|1630582|1630583,1629633|1629723|1630214|1630582|1630583,1628436|1630238|1630271|1630346|1630573,,,1610612763.0,22101223
4,PT00M35.60S,00:35,Q4 00:35,-0.5833333333333334,672,3pt,M. Ryan 24' 3PT  (3 PTS) (M. Fitts 2 AST),['2ndchance'],Ryan,110,139,Made,True,True,1630346,1630238.0,timeout,2pt missed,,,,1628436|1629633|1629723|1630214|1630238|1630271|1630346|1630573|1630582|1630583,1628436|1630238|1630271|1630346|1630573,1629633|1629723|1630214|1630582|1630583,-237.0,73.0,1610612738.0,22101223
4,PT00M21.60S,00:21,Q4 00:21,-0.35,674,2pt,MISS J. Culver 18' step back Shot,[],Culver,110,139,Missed,True,False,1629633,,3pt made,rebound,,,,1628436|1629633|1629723|1630214|1630238|1630271|1630346|1630573|1630582|1630583,1629633|1629723|1630214|1630582|1630583,1628436|1630238|1630271|1630346|1630573,-85.0,159.0,1610612763.0,22101223
4,PT00M19.00S,00:19,Q4 00:19,-0.31666666666666665,675,rebound,S. Aldama REBOUND (Off:6 Def:4),[],Aldama,110,139,,False,False,1630583,,2pt missed,3pt missed,,,,1628436|1629633|1629723|1630214|1630238|1630271|1630346|1630573|1630582|1630583,1629633|1629723|1630214|1630582|1630583,1628436|1630238|1630271|1630346|1630573,,,1610612763.0,22101223
4,PT00M14.90S,00:14,Q4 00:14,-0.23333333333333334,676,3pt,MISS J. Culver 24' 3PT,['2ndchance'],Culver,110,139,Missed,True,False,1629633,,rebound,rebound,,,,1628436|1629633|1629723|1630214|1630238|1630271|1630346|1630573|1630582|1630583,1629633|1629723|1630214|1630582|1630583,1628436|1630238|1630271|1630346|1630573,-25.0,248.0,1610612763.0,22101223
4,PT00M12.10S,00:12,Q4 00:12,-0.2,677,rebound,L. Kornet REBOUND (Off:3 Def:2),[],Kornet,110,139,,False,False,1628436,,3pt missed,foul,,,,1628436|1629633|1629723|1630214|1630238|1630271|1630346|1630573|1630582|1630583,1628436|1630238|1630271|1630346|1630573,1629633|1629723|1630214|1630582|1630583,,,1610612738.0,22101223
4,PT00M12.10S,00:12,Q4 00:12,-0.2,678,foul,S. Aldama personal FOUL (3 PF),[],Aldama,110,139,,False,False,1630583,,rebound,,1628436.0,,,1628436|1629633|1629723|1630214|1630238|1630271|1630346|1630573|1630582|1630583,1629633|1629723|1630214|1630582|1630583,1628436|1630238|1630271|1630346|1630573,,,1610612763.0,22101223
